 feap * * 2D Strip with hole                                                    

     Solution date: Wed Jan 12 11:58:06 2005

              7.4 Revision d2  
              13 March 2002    

     Input Data Filename: bspchapter9                                                                                                                     

     Number of Nodal Points  - - - - - - :      760
     Number of Elements  - - - - - - - - :     1412

     Spatial Dimension of Mesh - - - - - :        2
     Degrees-of-Freedom/Node (Maximum) - :        1
     Equations/Element       (Maximum) - :        0
     Number Element Nodes    (Maximum) - :        3

     Number of Material Sets - - - - - - :        1
     Number Parameters/Set   (Program) - :      250
     Number Parameters/Set   (Users  ) - :      150

 feap * * 2D Strip with hole                                                   

     Nodal Coordinates   

      node    1 Coord    2 Coord
         1  1.000E+00  0.000E+00
         2  3.500E+00  0.000E+00
         3  3.500E+00  2.000E+00
         4  0.000E+00  2.000E+00
         5  0.000E+00  1.000E+00
         6  1.951E-01  9.808E-01
         7  4.714E-01  8.819E-01
         8  6.344E-01  7.730E-01
         9  7.730E-01  6.344E-01
        10  8.819E-01  4.714E-01
        11  9.808E-01  1.951E-01
        12  1.100E+00  0.000E+00
        13  1.200E+00  0.000E+00
        14  1.300E+00  0.000E+00
        15  1.400E+00  0.000E+00
        16  1.500E+00  0.000E+00
        17  1.600E+00  0.000E+00
        18  1.700E+00  0.000E+00
        19  1.800E+00  0.000E+00
        20  1.900E+00  0.000E+00
        21  2.000E+00  0.000E+00
        22  2.100E+00  0.000E+00
        23  2.200E+00  0.000E+00
        24  2.300E+00  0.000E+00
        25  2.400E+00  0.000E+00
        26  2.500E+00  0.000E+00
        27  2.600E+00  0.000E+00
        28  2.700E+00  0.000E+00
        29  2.800E+00  0.000E+00
        30  2.900E+00  0.000E+00
        31  3.000E+00  0.000E+00
        32  3.100E+00  0.000E+00
        33  3.200E+00  0.000E+00
        34  3.300E+00  0.000E+00
        35  3.400E+00  0.000E+00
        36  3.500E+00  1.000E-01
        37  3.500E+00  2.000E-01
        38  3.500E+00  3.000E-01
        39  3.500E+00  4.000E-01
        40  3.500E+00  5.000E-01
        41  3.500E+00  6.000E-01
        42  3.500E+00  7.000E-01
        43  3.500E+00  8.000E-01
        44  3.500E+00  9.000E-01
        45  3.500E+00  1.000E+00
        46  3.500E+00  1.100E+00
        47  3.500E+00  1.200E+00
        48  3.500E+00  1.300E+00
        49  3.500E+00  1.400E+00
        50  3.500E+00  1.500E+00

 feap * * 2D Strip with hole                                                   

     Nodal Coordinates   

      node    1 Coord    2 Coord
        51  3.500E+00  1.600E+00
        52  3.500E+00  1.700E+00
        53  3.500E+00  1.800E+00
        54  3.500E+00  1.900E+00
        55  3.400E+00  2.000E+00
        56  3.300E+00  2.000E+00
        57  3.200E+00  2.000E+00
        58  3.100E+00  2.000E+00
        59  3.000E+00  2.000E+00
        60  2.900E+00  2.000E+00
        61  2.800E+00  2.000E+00
        62  2.700E+00  2.000E+00
        63  2.600E+00  2.000E+00
        64  2.500E+00  2.000E+00
        65  2.400E+00  2.000E+00
        66  2.300E+00  2.000E+00
        67  2.200E+00  2.000E+00
        68  2.100E+00  2.000E+00
        69  2.000E+00  2.000E+00
        70  1.900E+00  2.000E+00
        71  1.800E+00  2.000E+00
        72  1.700E+00  2.000E+00
        73  1.600E+00  2.000E+00
        74  1.500E+00  2.000E+00
        75  1.400E+00  2.000E+00
        76  1.300E+00  2.000E+00
        77  1.200E+00  2.000E+00
        78  1.100E+00  2.000E+00
        79  1.000E+00  2.000E+00
        80  9.000E-01  2.000E+00
        81  8.000E-01  2.000E+00
        82  7.000E-01  2.000E+00
        83  6.000E-01  2.000E+00
        84  5.000E-01  2.000E+00
        85  4.000E-01  2.000E+00
        86  3.000E-01  2.000E+00
        87  2.000E-01  2.000E+00
        88  1.000E-01  2.000E+00
        89  0.000E+00  1.900E+00
        90  0.000E+00  1.800E+00
        91  0.000E+00  1.700E+00
        92  0.000E+00  1.600E+00
        93  0.000E+00  1.500E+00
        94  0.000E+00  1.400E+00
        95  0.000E+00  1.300E+00
        96  0.000E+00  1.200E+00
        97  0.000E+00  1.100E+00
        98  9.802E-02  9.952E-01
        99  2.903E-01  9.569E-01
       100  3.827E-01  9.239E-01

 feap * * 2D Strip with hole                                                   

     Nodal Coordinates   

      node    1 Coord    2 Coord
       101  5.556E-01  8.315E-01
       102  7.071E-01  7.071E-01
       103  8.315E-01  5.556E-01
       104  9.239E-01  3.827E-01
       105  9.569E-01  2.903E-01
       106  9.952E-01  9.802E-02
       107  9.797E-01  4.634E-01
       108  3.413E+00  1.050E+00
       109  1.750E+00  8.660E-02
       110  8.500E-01  1.913E+00
       111  1.450E+00  8.660E-02
       112  1.550E+00  8.660E-02
       113  1.650E+00  8.660E-02
       114  1.850E+00  8.660E-02
       115  2.050E+00  8.660E-02
       116  2.250E+00  8.660E-02
       117  3.413E+00  1.450E+00
       118  3.413E+00  1.350E+00
       119  2.550E+00  8.660E-02
       120  2.650E+00  8.660E-02
       121  2.750E+00  8.660E-02
       122  2.850E+00  8.660E-02
       123  2.950E+00  8.660E-02
       124  3.413E+00  3.500E-01
       125  3.150E+00  8.660E-02
       126  3.250E+00  8.660E-02
       127  3.413E+00  1.500E-01
       128  3.413E+00  2.500E-01
       129  3.050E+00  8.660E-02
       130  3.413E+00  5.500E-01
       131  3.413E+00  6.500E-01
       132  3.413E+00  7.500E-01
       133  3.413E+00  8.500E-01
       134  3.413E+00  9.500E-01
       135  3.413E+00  1.150E+00
       136  3.413E+00  1.250E+00
       137  3.150E+00  1.913E+00
       138  3.413E+00  1.650E+00
       139  3.250E+00  1.913E+00
       140  3.413E+00  1.750E+00
       141  3.350E+00  1.913E+00
       142  2.450E+00  8.660E-02
       143  2.450E+00  1.913E+00
       144  2.350E+00  8.660E-02
       145  2.350E+00  1.913E+00
       146  2.250E+00  1.913E+00
       147  2.150E+00  8.660E-02
       148  2.150E+00  1.913E+00
       149  2.050E+00  1.913E+00
       150  1.950E+00  8.660E-02

 feap * * 2D Strip with hole                                                   

     Nodal Coordinates   

      node    1 Coord    2 Coord
       151  1.950E+00  1.913E+00
       152  1.850E+00  1.913E+00
       153  1.750E+00  1.913E+00
       154  9.296E-01  5.572E-01
       155  1.650E+00  1.913E+00
       156  1.550E+00  1.913E+00
       157  8.705E-01  6.456E-01
       158  1.450E+00  1.913E+00
       159  1.350E+00  1.913E+00
       160  1.250E+00  1.913E+00
       161  7.278E-01  8.030E-01
       162  1.150E+00  1.913E+00
       163  1.050E+00  1.913E+00
       164  9.500E-01  1.913E+00
       165  5.572E-01  9.296E-01
       166  7.500E-01  1.913E+00
       167  6.500E-01  1.913E+00
       168  5.500E-01  1.913E+00
       169  8.660E-02  1.650E+00
       170  8.660E-02  1.750E+00
       171  2.500E-01  1.913E+00
       172  1.306E-01  1.901E+00
       173  3.500E-01  1.913E+00
       174  4.500E-01  1.913E+00
       175  8.660E-02  1.450E+00
       176  8.660E-02  1.350E+00
       177  2.633E-01  1.051E+00
       178  8.660E-02  1.250E+00
       179  9.914E-02  1.128E+00
       180  1.590E-01  1.072E+00
       181  3.651E-01  1.020E+00
       182  4.634E-01  9.797E-01
       183  6.456E-01  8.705E-01
       184  8.030E-01  7.278E-01
       185  1.020E+00  3.651E-01
       186  1.051E+00  2.633E-01
       187  1.150E+00  8.660E-02
       188  1.350E+00  8.657E-02
       189  3.327E+00  1.300E+00
       190  1.118E+00  3.390E-01
       191  2.000E+00  1.732E-01
       192  3.413E+00  1.550E+00
       193  3.327E+00  1.400E+00
       194  2.550E+00  1.913E+00
       195  2.600E+00  1.732E-01
       196  3.100E+00  1.732E-01
       197  3.327E+00  2.000E-01
       198  3.350E+00  8.660E-02
       199  2.900E+00  1.732E-01
       200  3.327E+00  7.000E-01

 feap * * 2D Strip with hole                                                   

     Nodal Coordinates   

      node    1 Coord    2 Coord
       201  2.750E+00  1.913E+00
       202  2.850E+00  1.913E+00
       203  2.950E+00  1.913E+00
       204  3.327E+00  1.700E+00
       205  3.200E+00  1.827E+00
       206  3.300E+00  1.827E+00
       207  3.327E+00  1.200E+00
       208  2.100E+00  1.732E-01
       209  2.000E+00  1.827E+00
       210  1.700E+00  1.827E+00
       211  1.500E+00  1.827E+00
       212  1.200E+00  1.827E+00
       213  7.000E-01  1.827E+00
       214  8.654E-02  1.550E+00
       215  1.732E-01  1.700E+00
       216  3.000E-01  1.827E+00
       217  7.631E-02  1.832E+00
       218  6.000E-01  1.827E+00
       219  1.729E-01  1.400E+00
       220  1.728E-01  1.300E+00
       221  2.500E+00  1.732E-01
       222  1.900E+00  1.827E+00
       223  1.079E+00  4.469E-01
       224  1.600E+00  1.730E-01
       225  1.500E+00  1.730E-01
       226  1.700E+00  1.731E-01
       227  2.300E+00  1.732E-01
       228  2.400E+00  1.827E+00
       229  2.650E+00  1.913E+00
       230  3.327E+00  6.000E-01
       231  3.413E+00  4.500E-01
       232  3.200E+00  1.732E-01
       233  3.327E+00  3.000E-01
       234  3.000E+00  1.732E-01
       235  2.700E+00  1.732E-01
       236  2.800E+00  1.732E-01
       237  3.327E+00  8.000E-01
       238  3.327E+00  9.000E-01
       239  3.327E+00  1.000E+00
       240  3.050E+00  1.913E+00
       241  3.413E+00  1.850E+00
       242  2.400E+00  1.732E-01
       243  3.327E+00  1.100E+00
       244  2.300E+00  1.827E+00
       245  2.200E+00  1.827E+00
       246  2.200E+00  1.732E-01
       247  2.100E+00  1.827E+00
       248  1.900E+00  1.731E-01
       249  1.800E+00  1.731E-01
       250  1.800E+00  1.827E+00

 feap * * 2D Strip with hole                                                   

     Nodal Coordinates   

      node    1 Coord    2 Coord
       251  1.030E+00  5.504E-01
       252  1.600E+00  1.827E+00
       253  9.708E-01  6.487E-01
       254  1.400E+00  1.827E+00
       255  8.256E-01  8.256E-01
       256  1.100E+00  1.827E+00
       257  1.000E+00  1.827E+00
       258  9.000E-01  1.827E+00
       259  8.000E-01  1.827E+00
       260  5.000E-01  1.827E+00
       261  1.992E-01  1.821E+00
       262  4.000E-01  1.827E+00
       263  3.390E-01  1.117E+00
       264  1.829E-01  1.180E+00
       265  5.504E-01  1.030E+00
       266  4.469E-01  1.079E+00
       267  7.407E-01  9.026E-01
       268  6.487E-01  9.708E-01
       269  9.026E-01  7.407E-01
       270  1.300E+00  1.827E+00
       271  1.074E+00  1.635E-01
       272  1.250E+00  8.660E-02
       273  1.200E+00  1.729E-01
       274  1.147E+00  2.385E-01
       275  3.327E+00  1.500E+00
       276  2.950E+00  2.598E-01
       277  2.700E+00  1.827E+00
       278  3.327E+00  1.600E+00
       279  3.240E+00  9.500E-01
       280  1.650E+00  2.594E-01
       281  5.500E-01  1.740E+00
       282  1.179E+00  4.218E-01
       283  3.240E+00  1.250E+00
       284  3.240E+00  6.500E-01
       285  3.327E+00  5.000E-01
       286  3.243E+00  2.607E-01
       287  3.150E+00  2.598E-01
       288  3.240E+00  7.500E-01
       289  3.240E+00  1.350E+00
       290  2.350E+00  2.598E-01
       291  1.950E+00  1.740E+00
       292  1.750E+00  2.595E-01
       293  1.131E+00  5.352E-01
       294  1.550E+00  1.740E+00
       295  1.074E+00  6.435E-01
       296  1.050E+00  1.741E+00
       297  1.730E-01  1.500E+00
       298  2.634E-01  1.247E+00
       299  2.449E-01  1.149E+00
       300  4.217E-01  1.179E+00

 feap * * 2D Strip with hole                                                   

     Nodal Coordinates   

      node    1 Coord    2 Coord
       301  5.352E-01  1.131E+00
       302  7.455E-01  1.005E+00
       303  2.050E+00  2.597E-01
       304  2.800E+00  1.827E+00
       305  2.500E+00  1.827E+00
       306  2.900E+00  1.827E+00
       307  3.239E+00  1.743E+00
       308  3.100E+00  1.827E+00
       309  1.650E+00  1.740E+00
       310  1.731E-01  1.600E+00
       311  2.589E-01  1.350E+00
       312  3.240E+00  8.500E-01
       313  1.550E+00  2.593E-01
       314  1.400E+00  1.730E-01
       315  2.250E+00  1.740E+00
       316  2.600E+00  1.827E+00
       317  3.327E+00  4.000E-01
       318  3.050E+00  2.598E-01
       319  2.850E+00  2.598E-01
       320  2.750E+00  2.598E-01
       321  2.650E+00  2.598E-01
       322  2.550E+00  2.598E-01
       323  3.000E+00  1.827E+00
       324  2.450E+00  2.598E-01
       325  3.240E+00  1.150E+00
       326  3.240E+00  1.050E+00
       327  2.350E+00  1.740E+00
       328  2.150E+00  2.597E-01
       329  2.250E+00  2.598E-01
       330  2.050E+00  1.740E+00
       331  2.150E+00  1.740E+00
       332  1.950E+00  2.597E-01
       333  1.850E+00  2.596E-01
       334  1.850E+00  1.740E+00
       335  1.750E+00  1.740E+00
       336  1.450E+00  1.740E+00
       337  9.273E-01  8.404E-01
       338  1.150E+00  1.740E+00
       339  6.434E-01  1.073E+00
       340  7.500E-01  1.741E+00
       341  4.500E-01  1.740E+00
       342  2.627E-01  1.740E+00
       343  3.500E-01  1.740E+00
       344  6.500E-01  1.740E+00
       345  8.404E-01  9.273E-01
       346  9.500E-01  1.741E+00
       347  8.500E-01  1.741E+00
       348  1.005E+00  7.455E-01
       349  1.350E+00  1.740E+00
       350  1.250E+00  1.740E+00

 feap * * 2D Strip with hole                                                   

     Nodal Coordinates   

      node    1 Coord    2 Coord
       351  1.300E+00  1.729E-01
       352  1.800E+00  3.459E-01
       353  1.216E+00  3.214E-01
       354  1.400E+00  1.654E+00
       355  3.296E-01  1.217E+00
       356  5.113E-01  1.234E+00
       357  1.000E+00  1.654E+00
       358  1.070E+00  6.487E-02
       359  2.850E+00  1.740E+00
       360  3.154E+00  1.200E+00
       361  1.600E+00  1.654E+00
       362  3.154E+00  7.000E-01
       363  1.700E+00  3.457E-01
       364  3.100E+00  3.464E-01
       365  3.196E+00  3.468E-01
       366  2.594E-01  1.550E+00
       367  3.067E-01  1.654E+00
       368  4.001E-01  1.654E+00
       369  1.500E+00  1.654E+00
       370  6.296E-01  1.178E+00
       371  1.100E+00  1.654E+00
       372  3.240E+00  1.450E+00
       373  3.050E+00  1.740E+00
       374  3.154E+00  1.100E+00
       375  2.450E+00  1.740E+00
       376  3.240E+00  5.500E-01
       377  2.800E+00  3.464E-01
       378  3.240E+00  1.550E+00
       379  3.154E+00  1.300E+00
       380  1.234E+00  5.114E-01
       381  1.178E+00  6.297E-01
       382  5.001E-01  1.654E+00
       383  7.419E-01  1.110E+00
       384  2.100E+00  1.654E+00
       385  2.000E+00  3.461E-01
       386  2.750E+00  1.740E+00
       387  3.243E+00  1.647E+00
       388  3.146E+00  1.744E+00
       389  1.800E+00  1.654E+00
       390  2.592E-01  1.450E+00
       391  3.470E-01  1.302E+00
       392  2.700E+00  3.464E-01
       393  1.600E+00  3.455E-01
       394  1.350E+00  2.590E-01
       395  1.450E+00  2.592E-01
       396  2.500E+00  3.464E-01
       397  2.650E+00  1.740E+00
       398  3.240E+00  4.500E-01
       399  3.000E+00  3.464E-01
       400  2.900E+00  3.464E-01

 feap * * 2D Strip with hole                                                   

     Nodal Coordinates   

      node    1 Coord    2 Coord
       401  3.154E+00  8.000E-01
       402  3.154E+00  9.000E-01
       403  2.600E+00  3.464E-01
       404  3.154E+00  1.000E+00
       405  2.950E+00  1.740E+00
       406  2.400E+00  3.464E-01
       407  2.550E+00  1.740E+00
       408  2.300E+00  1.654E+00
       409  2.300E+00  3.463E-01
       410  2.200E+00  3.463E-01
       411  2.000E+00  1.654E+00
       412  2.100E+00  3.462E-01
       413  2.200E+00  1.654E+00
       414  1.900E+00  3.460E-01
       415  1.900E+00  1.654E+00
       416  1.700E+00  1.654E+00
       417  1.300E+00  1.654E+00
       418  8.471E-01  1.032E+00
       419  9.000E-01  1.654E+00
       420  7.001E-01  1.654E+00
       421  6.001E-01  1.654E+00
       422  9.443E-01  9.443E-01
       423  8.000E-01  1.654E+00
       424  1.110E+00  7.420E-01
       425  1.032E+00  8.472E-01
       426  1.200E+00  1.654E+00
       427  4.396E-01  1.282E+00
       428  1.250E+00  2.589E-01
       429  8.500E-01  1.568E+00
       430  2.450E+00  4.329E-01
       431  1.750E+00  1.567E+00
       432  3.143E+00  4.330E-01
       433  3.154E+00  1.400E+00
       434  1.400E+00  3.452E-01
       435  1.750E+00  4.321E-01
       436  4.502E-01  1.568E+00
       437  1.950E+00  1.567E+00
       438  3.117E+00  1.645E+00
       439  3.154E+00  1.500E+00
       440  3.576E-01  1.567E+00
       441  3.067E+00  7.500E-01
       442  2.550E+00  4.330E-01
       443  2.750E+00  4.330E-01
       444  3.067E+00  8.500E-01
       445  2.700E+00  1.654E+00
       446  1.283E+00  6.073E-01
       447  7.298E-01  1.217E+00
       448  1.250E+00  1.568E+00
       449  1.550E+00  1.568E+00
       450  8.455E-01  1.140E+00

 feap * * 2D Strip with hole                                                   

     Nodal Coordinates   

      node    1 Coord    2 Coord
       451  3.000E+00  1.654E+00
       452  1.278E+00  4.114E-01
       453  9.531E-01  1.052E+00
       454  2.600E+00  1.654E+00
       455  3.154E+00  6.000E-01
       456  2.800E+00  1.654E+00
       457  1.140E+00  8.457E-01
       458  6.072E-01  1.283E+00
       459  9.500E-01  1.568E+00
       460  1.850E+00  4.323E-01
       461  3.444E-01  1.401E+00
       462  3.067E+00  1.050E+00
       463  1.650E+00  4.318E-01
       464  1.500E+00  3.455E-01
       465  3.067E+00  1.250E+00
       466  3.050E+00  4.330E-01
       467  2.950E+00  4.330E-01
       468  2.850E+00  4.330E-01
       469  3.067E+00  9.500E-01
       470  2.650E+00  4.330E-01
       471  3.067E+00  1.150E+00
       472  2.900E+00  1.654E+00
       473  2.350E+00  4.329E-01
       474  2.500E+00  1.654E+00
       475  2.400E+00  1.654E+00
       476  2.250E+00  1.567E+00
       477  2.250E+00  4.328E-01
       478  2.150E+00  4.327E-01
       479  2.050E+00  1.567E+00
       480  2.050E+00  4.326E-01
       481  2.150E+00  1.567E+00
       482  1.950E+00  4.325E-01
       483  1.850E+00  1.567E+00
       484  1.650E+00  1.568E+00
       485  1.050E+00  1.568E+00
       486  7.501E-01  1.568E+00
       487  6.501E-01  1.568E+00
       488  5.502E-01  1.568E+00
       489  1.052E+00  9.533E-01
       490  1.218E+00  7.299E-01
       491  1.450E+00  1.568E+00
       492  1.350E+00  1.568E+00
       493  1.150E+00  1.568E+00
       494  1.301E+00  3.452E-01
       495  4.048E-01  1.481E+00
       496  3.165E+00  5.134E-01
       497  1.450E+00  4.313E-01
       498  7.090E-01  1.326E+00
       499  1.500E+00  1.481E+00
       500  8.352E-01  1.250E+00

 feap * * 2D Strip with hole                                                   

     Nodal Coordinates   

      node    1 Coord    2 Coord
       501  3.052E+00  1.563E+00
       502  3.000E+00  5.196E-01
       503  3.067E+00  1.450E+00
       504  1.700E+00  1.481E+00
       505  1.335E+00  5.081E-01
       506  2.980E+00  9.000E-01
       507  2.950E+00  1.567E+00
       508  2.600E+00  5.196E-01
       509  2.550E+00  1.567E+00
       510  1.800E+00  5.186E-01
       511  2.400E+00  5.195E-01
       512  1.900E+00  1.481E+00
       513  8.000E-01  1.482E+00
       514  1.162E+00  9.539E-01
       515  9.999E-01  1.482E+00
       516  5.216E-01  1.332E+00
       517  9.536E-01  1.162E+00
       518  1.600E+00  1.481E+00
       519  3.168E+00  1.580E+00
       520  3.343E-01  1.486E+00
       521  2.980E+00  8.000E-01
       522  2.500E+00  5.195E-01
       523  2.980E+00  1.200E+00
       524  1.250E+00  8.355E-01
       525  1.200E+00  1.482E+00
       526  3.067E+00  6.500E-01
       527  2.650E+00  1.567E+00
       528  7.002E-01  1.482E+00
       529  9.000E-01  1.482E+00
       530  4.217E-01  1.365E+00
       531  2.980E+00  1.000E+00
       532  1.699E+00  5.182E-01
       533  1.550E+00  4.317E-01
       534  3.067E+00  1.350E+00
       535  2.750E+00  1.567E+00
       536  2.900E+00  5.196E-01
       537  2.800E+00  5.196E-01
       538  2.700E+00  5.196E-01
       539  2.850E+00  1.567E+00
       540  2.300E+00  5.194E-01
       541  2.980E+00  1.100E+00
       542  2.350E+00  1.567E+00
       543  2.450E+00  1.567E+00
       544  2.100E+00  1.481E+00
       545  2.200E+00  5.193E-01
       546  2.100E+00  5.191E-01
       547  2.000E+00  1.481E+00
       548  2.000E+00  5.190E-01
       549  2.200E+00  1.480E+00
       550  1.900E+00  5.188E-01

 feap * * 2D Strip with hole                                                   

     Nodal Coordinates   

      node    1 Coord    2 Coord
       551  1.800E+00  1.481E+00
       552  1.100E+00  1.482E+00
       553  6.003E-01  1.482E+00
       554  5.003E-01  1.482E+00
       555  1.063E+00  1.063E+00
       556  1.326E+00  7.091E-01
       557  1.400E+00  1.482E+00
       558  1.300E+00  1.482E+00
       559  3.079E+00  5.319E-01
       560  5.154E-01  1.403E+00
       561  1.381E+00  4.165E-01
       562  2.986E+00  1.487E+00
       563  1.550E+00  1.395E+00
       564  1.176E+00  1.066E+00
       565  1.650E+00  1.395E+00
       566  1.066E+00  1.176E+00
       567  2.894E+00  1.050E+00
       568  2.700E+00  1.480E+00
       569  1.150E+00  1.396E+00
       570  6.250E-01  1.383E+00
       571  9.499E-01  1.396E+00
       572  2.850E+00  6.062E-01
       573  2.900E+00  1.480E+00
       574  2.980E+00  1.300E+00
       575  2.350E+00  6.059E-01
       576  2.150E+00  6.056E-01
       577  9.455E-01  1.275E+00
       578  1.749E+00  6.047E-01
       579  1.500E+00  5.175E-01
       580  8.163E-01  1.361E+00
       581  1.275E+00  9.459E-01
       582  2.894E+00  8.500E-01
       583  2.550E+00  6.061E-01
       584  2.894E+00  9.500E-01
       585  2.500E+00  1.480E+00
       586  1.362E+00  8.165E-01
       587  1.450E+00  1.395E+00
       588  2.980E+00  7.000E-01
       589  2.600E+00  1.480E+00
       590  7.502E-01  1.396E+00
       591  1.600E+00  5.180E-01
       592  2.980E+00  1.400E+00
       593  2.800E+00  1.480E+00
       594  2.950E+00  6.062E-01
       595  2.750E+00  6.062E-01
       596  2.650E+00  6.061E-01
       597  2.150E+00  1.394E+00
       598  2.894E+00  1.150E+00
       599  2.400E+00  1.480E+00
       600  2.050E+00  6.055E-01

 feap * * 2D Strip with hole                                                   

     Nodal Coordinates   

      node    1 Coord    2 Coord
       601  2.250E+00  6.058E-01
       602  2.050E+00  1.394E+00
       603  1.950E+00  1.394E+00
       604  1.950E+00  6.053E-01
       605  2.450E+00  6.060E-01
       606  2.300E+00  1.480E+00
       607  1.849E+00  6.050E-01
       608  1.750E+00  1.395E+00
       609  1.850E+00  1.394E+00
       610  1.050E+00  1.396E+00
       611  1.350E+00  1.395E+00
       612  1.385E+00  6.111E-01
       613  1.250E+00  1.396E+00
       614  1.333E+00  8.912E-01
       615  1.134E+00  1.134E+00
       616  1.600E+00  1.309E+00
       617  1.400E+00  1.309E+00
       618  2.200E+00  6.922E-01
       619  1.100E+00  1.310E+00
       620  1.549E+00  6.039E-01
       621  2.450E+00  1.394E+00
       622  1.239E+00  1.017E+00
       623  2.891E+00  6.863E-01
       624  1.420E+00  5.293E-01
       625  2.650E+00  1.394E+00
       626  2.100E+00  1.308E+00
       627  2.807E+00  9.000E-01
       628  2.850E+00  1.394E+00
       629  1.017E+00  1.239E+00
       630  8.909E-01  1.333E+00
       631  1.500E+00  1.309E+00
       632  2.500E+00  6.926E-01
       633  2.807E+00  1.000E+00
       634  2.400E+00  6.925E-01
       635  2.807E+00  1.100E+00
       636  1.427E+00  7.200E-01
       637  2.550E+00  1.394E+00
       638  1.650E+00  6.044E-01
       639  2.750E+00  1.394E+00
       640  2.800E+00  6.928E-01
       641  2.700E+00  6.927E-01
       642  2.600E+00  6.927E-01
       643  2.894E+00  1.250E+00
       644  2.100E+00  6.920E-01
       645  2.300E+00  6.924E-01
       646  2.000E+00  1.308E+00
       647  1.899E+00  6.915E-01
       648  1.999E+00  6.918E-01
       649  2.250E+00  1.394E+00
       650  2.350E+00  1.394E+00

 feap * * 2D Strip with hole                                                   

     Nodal Coordinates   

      node    1 Coord    2 Coord
       651  1.799E+00  1.308E+00
       652  1.699E+00  1.308E+00
       653  1.799E+00  6.912E-01
       654  1.900E+00  1.308E+00
       655  1.300E+00  1.309E+00
       656  1.200E+00  1.310E+00
       657  1.466E+00  8.165E-01
       658  2.721E+00  9.500E-01
       659  1.002E+00  1.325E+00
       660  2.800E+00  1.307E+00
       661  1.549E+00  1.223E+00
       662  2.400E+00  1.307E+00
       663  2.881E+00  7.733E-01
       664  2.750E+00  7.793E-01
       665  2.050E+00  1.221E+00
       666  1.428E+00  8.844E-01
       667  1.249E+00  1.223E+00
       668  1.449E+00  1.223E+00
       669  1.260E+00  1.110E+00
       670  1.349E+00  1.223E+00
       671  2.450E+00  7.791E-01
       672  1.155E+00  1.225E+00
       673  1.849E+00  7.777E-01
       674  1.599E+00  6.903E-01
       675  1.348E+00  1.001E+00
       676  1.461E+00  6.061E-01
       677  2.807E+00  1.200E+00
       678  2.907E+00  1.330E+00
       679  2.721E+00  1.050E+00
       680  2.350E+00  7.790E-01
       681  2.600E+00  1.307E+00
       682  2.500E+00  1.307E+00
       683  2.700E+00  1.307E+00
       684  2.650E+00  7.793E-01
       685  2.550E+00  7.792E-01
       686  2.149E+00  7.786E-01
       687  2.249E+00  7.788E-01
       688  1.849E+00  1.222E+00
       689  2.049E+00  7.783E-01
       690  1.949E+00  7.780E-01
       691  2.300E+00  1.307E+00
       692  2.200E+00  1.307E+00
       693  1.649E+00  1.222E+00
       694  1.749E+00  1.222E+00
       695  1.699E+00  6.909E-01
       696  1.949E+00  1.221E+00
       697  1.499E+00  6.900E-01
       698  1.499E+00  1.137E+00
       699  1.522E+00  8.923E-01
       700  1.372E+00  1.111E+00

 feap * * 2D Strip with hole                                                   

     Nodal Coordinates   

      node    1 Coord    2 Coord
       701  1.899E+00  8.642E-01
       702  2.650E+00  1.221E+00
       703  2.700E+00  8.659E-01
       704  2.400E+00  8.656E-01
       705  1.649E+00  7.768E-01
       706  2.299E+00  8.654E-01
       707  2.634E+00  1.000E+00
       708  1.459E+00  9.910E-01
       709  2.721E+00  1.150E+00
       710  2.450E+00  1.221E+00
       711  2.550E+00  1.221E+00
       712  2.734E+00  1.234E+00
       713  2.600E+00  8.658E-01
       714  2.500E+00  8.657E-01
       715  2.099E+00  8.649E-01
       716  2.350E+00  1.221E+00
       717  2.199E+00  8.652E-01
       718  1.999E+00  8.646E-01
       719  1.999E+00  1.135E+00
       720  2.150E+00  1.221E+00
       721  2.250E+00  1.221E+00
       722  1.599E+00  1.136E+00
       723  1.699E+00  1.136E+00
       724  1.799E+00  1.135E+00
       725  1.749E+00  7.774E-01
       726  1.899E+00  1.135E+00
       727  1.557E+00  7.759E-01
       728  2.400E+00  1.134E+00
       729  1.563E+00  9.878E-01
       730  2.500E+00  1.134E+00
       731  2.541E+00  9.533E-01
       732  1.949E+00  9.508E-01
       733  2.200E+00  1.134E+00
       734  1.649E+00  1.050E+00
       735  1.698E+00  8.633E-01
       736  2.624E+00  1.124E+00
       737  1.468E+00  1.071E+00
       738  2.449E+00  9.522E-01
       739  2.149E+00  9.515E-01
       740  2.349E+00  9.520E-01
       741  2.300E+00  1.134E+00
       742  2.049E+00  9.512E-01
       743  2.099E+00  1.134E+00
       744  2.249E+00  9.518E-01
       745  1.749E+00  1.049E+00
       746  1.849E+00  1.049E+00
       747  1.799E+00  8.639E-01
       748  1.949E+00  1.049E+00
       749  1.612E+00  8.608E-01
       750  2.450E+00  1.048E+00

 feap * * 2D Strip with hole                                                   

     Nodal Coordinates   

      node    1 Coord    2 Coord
       751  2.149E+00  1.048E+00
       752  2.299E+00  1.038E+00
       753  1.572E+00  1.060E+00
       754  1.798E+00  9.628E-01
       755  2.549E+00  1.049E+00
       756  2.054E+00  1.055E+00
       757  1.698E+00  9.633E-01
       758  1.868E+00  9.503E-01
       759  2.219E+00  1.036E+00
       760  2.379E+00  1.036E+00

 feap * * 2D Strip with hole                                                   

     E l e m e n t s

   Elmt Mat Reg  1 Node  2 Node  3 Node
      1   1   0     273     187     272
      2   1   0     358     187     271
      3   1   0     188      15     111
      4   1   0     185     104     105
      5   1   0     135      46      47
      6   1   0     193     118     117
      7   1   0     112     111      16
      8   1   0     110      80      81
      9   1   0     217     172      89
     10   1   0     274     271     273
     11   1   0     111      15      16
     12   1   0     113     112      17
     13   1   0     113      18     109
     14   1   0     150      20      21
     15   1   0     147      22      23
     16   1   0     191     150     115
     17   1   0     143      64      65
     18   1   0     138      51      52
     19   1   0     192      50      51
     20   1   0     275     117     192
     21   1   0     194      64     143
     22   1   0     121      28      29
     23   1   0     122      29      30
     24   1   0     235     120     121
     25   1   0     120     119      27
     26   1   0     122     121      29
     27   1   0     131      41      42
     28   1   0     232     125     126
     29   1   0     126     125      33
     30   1   0     197     127     128
     31   1   0     198     127     197
     32   1   0     127      35      36
     33   1   0      35       2      36
     34   1   0     128      38     124
     35   1   0     123     122      30
     36   1   0     234     123     129
     37   1   0     318     234     196
     38   1   0     132     131      42
     39   1   0     133     132      43
     40   1   0     134      45     108
     41   1   0     136      48     118
     42   1   0     229      63     194
     43   1   0     316     229     194
     44   1   0     203      60     202
     45   1   0     118      49     117
     46   1   0     278     138     204
     47   1   0     241     206     140
     48   1   0     139      57     137
     49   1   0     205     139     137
     50   1   0     141      56     139

 feap * * 2D Strip with hole                                                   

     E l e m e n t s

   Elmt Mat Reg  1 Node  2 Node  3 Node
     51   1   0     206     139     205
     52   1   0      55      54       3
     53   1   0     279     238     239
     54   1   0     119      26      27
     55   1   0     146      66      67
     56   1   0     147      23     116
     57   1   0     148      67      68
     58   1   0     145     143      65
     59   1   0     114     109      19
     60   1   0     246     147     116
     61   1   0     148     146      67
     62   1   0     115      21      22
     63   1   0     149     148      68
     64   1   0     250     153     210
     65   1   0     151     149      69
     66   1   0     154      10     107
     67   1   0     153     152      71
     68   1   0     156     155      73
     69   1   0     154     103      10
     70   1   0     280     224     226
     71   1   0     159     158      75
     72   1   0     254     158     159
     73   1   0     270     254     159
     74   1   0     162     160      77
     75   1   0     163     162      78
     76   1   0     164      80     110
     77   1   0     183     101       8
     78   1   0     167      82      83
     79   1   0     167     166      82
     80   1   0     266     182     265
     81   1   0     341     260     262
     82   1   0     215     170     169
     83   1   0     170      91     169
     84   1   0     261     216     171
     85   1   0     217      89      90
     86   1   0      88       4      89
     87   1   0     172      87      88
     88   1   0     168     167      83
     89   1   0     260     168     174
     90   1   0     220     176     178
     91   1   0     178      95      96
     92   1   0     220     219     176
     93   1   0     176     175      94
     94   1   0     179     178      96
     95   1   0      97       5      98
     96   1   0     180     179      98
     97   1   0     182     100       7
     98   1   0     182       7     165
     99   1   0     184     102       9
    100   1   0     157       9     103

 feap * * 2D Strip with hole                                                   

     E l e m e n t s

   Elmt Mat Reg  1 Node  2 Node  3 Node
    101   1   0     152     151      70
    102   1   0     186     185     105
    103   1   0     351     272     188
    104   1   0     358       1      12
    105   1   0     107      10     104
    106   1   0     109      18      19
    107   1   0     239     134     108
    108   1   0     108      45      46
    109   1   0     114      19      20
    110   1   0     210     153     155
    111   1   0     166      81      82
    112   1   0     183       8     161
    113   1   0     190     185     186
    114   1   0     112      16      17
    115   1   0     249     109     114
    116   1   0     224     112     113
    117   1   0     113      17      18
    118   1   0     561     494     434
    119   1   0     116      23      24
    120   1   0     146     145      66
    121   1   0     144      24      25
    122   1   0     242     142     221
    123   1   0     142      26     119
    124   1   0     244     228     145
    125   1   0     117      49      50
    126   1   0     202      61     201
    127   1   0     194      63      64
    128   1   0     118      48      49
    129   1   0     120      27      28
    130   1   0     325     243     207
    131   1   0     121     120      28
    132   1   0     284     230     200
    133   1   0     123      30      31
    134   1   0     131     130      41
    135   1   0     129      31      32
    136   1   0     285     130     230
    137   1   0     125      32      33
    138   1   0     130      40      41
    139   1   0     124      38      39
    140   1   0     231      39      40
    141   1   0     129      32     125
    142   1   0     126      33      34
    143   1   0     198      35     127
    144   1   0     233     197     128
    145   1   0     127      36      37
    146   1   0     128     127      37
    147   1   0     128      37      38
    148   1   0     286     197     233
    149   1   0     286     232     197
    150   1   0     129     123      31

 feap * * 2D Strip with hole                                                   

     E l e m e n t s

   Elmt Mat Reg  1 Node  2 Node  3 Node
    151   1   0     132      42      43
    152   1   0     230     131     200
    153   1   0     236     122     199
    154   1   0     199     122     123
    155   1   0     133      43      44
    156   1   0     312     238     279
    157   1   0     134     133      44
    158   1   0     243     108     135
    159   1   0     134      44      45
    160   1   0     243     135     207
    161   1   0     135     108      46
    162   1   0     136     135      47
    163   1   0     136      47      48
    164   1   0     289     283     189
    165   1   0     137      57      58
    166   1   0     240      58      59
    167   1   0     192      51     138
    168   1   0     140      52      53
    169   1   0     241     141     206
    170   1   0     139      56      57
    171   1   0     140     138      52
    172   1   0     241      54     141
    173   1   0     141      54      55
    174   1   0     141      55      56
    175   1   0     221     142     119
    176   1   0     142      25      26
    177   1   0     207     135     136
    178   1   0     145      65      66
    179   1   0     144     116      24
    180   1   0     144      25     142
    181   1   0     149      68      69
    182   1   0     247     148     149
    183   1   0     151      69      70
    184   1   0     247     149     209
    185   1   0     147     115      22
    186   1   0     227     116     144
    187   1   0     152      70      71
    188   1   0     324     242     221
    189   1   0     153      71      72
    190   1   0     248     150     191
    191   1   0     150     114      20
    192   1   0     150      21     115
    193   1   0     155      72      73
    194   1   0     248     114     150
    195   1   0     156      73      74
    196   1   0     416     389     335
    197   1   0     158      74      75
    198   1   0     333     249     248
    199   1   0     157     103     154
    200   1   0     223     107     185

 feap * * 2D Strip with hole                                                   

     E l e m e n t s

   Elmt Mat Reg  1 Node  2 Node  3 Node
    201   1   0     155     153      72
    202   1   0     159      75      76
    203   1   0     160      76      77
    204   1   0     211     156     158
    205   1   0     184       9     157
    206   1   0     353     190     274
    207   1   0     158     156      74
    208   1   0     162      77      78
    209   1   0     160     159      76
    210   1   0     417     349     350
    211   1   0     183     165     101
    212   1   0     293     251     223
    213   1   0     161       8     102
    214   1   0     184     161     102
    215   1   0     163      78      79
    216   1   0     257     163     164
    217   1   0     164     163      79
    218   1   0     337     255     269
    219   1   0     164      79      80
    220   1   0     258     257     164
    221   1   0     259     166     213
    222   1   0     165       7     101
    223   1   0     166     110      81
    224   1   0     168      83      84
    225   1   0     174      84      85
    226   1   0     262     174     173
    227   1   0     173      86     171
    228   1   0     175      93      94
    229   1   0     169      91      92
    230   1   0     214      92      93
    231   1   0     172     171      87
    232   1   0     170      90      91
    233   1   0     173      85      86
    234   1   0     171      86      87
    235   1   0     172      88      89
    236   1   0     261     217     170
    237   1   0     297     175     219
    238   1   0     261     171     172
    239   1   0     174     168      84
    240   1   0     174      85     173
    241   1   0     176      94      95
    242   1   0     299     298     264
    243   1   0     179      97      98
    244   1   0     177       6      99
    245   1   0     181      99     100
    246   1   0     181     177      99
    247   1   0     178     176      95
    248   1   0     179      96      97
    249   1   0     180      98       6
    250   1   0     264     179     180

 feap * * 2D Strip with hole                                                   

     E l e m e n t s

   Elmt Mat Reg  1 Node  2 Node  3 Node
    251   1   0     180       6     177
    252   1   0     299     264     180
    253   1   0     182     181     100
    254   1   0     427     300     356
    255   1   0     267     183     161
    256   1   0     370     301     339
    257   1   0     267     161     255
    258   1   0     419     346     347
    259   1   0     251     154     107
    260   1   0     212     160     162
    261   1   0     185     107     104
    262   1   0     186     105      11
    263   1   0     358     271     106
    264   1   0     272      14     188
    265   1   0     187      12      13
    266   1   0     272      13      14
    267   1   0     188      14      15
    268   1   0     225     111     112
    269   1   0     207     136     189
    270   1   0     189     136     118
    271   1   0     225     112     224
    272   1   0     223     185     190
    273   1   0     208     115     147
    274   1   0     328     208     246
    275   1   0     192     117      50
    276   1   0     278     192     138
    277   1   0     304     201     277
    278   1   0     193     189     118
    279   1   0     229      62      63
    280   1   0     305     143     228
    281   1   0     221     119     195
    282   1   0     195     119     120
    283   1   0     234     129     196
    284   1   0     196     129     125
    285   1   0     198     197     126
    286   1   0     233     128     124
    287   1   0     198     126      34
    288   1   0     198      34      35
    289   1   0     200     131     132
    290   1   0     236     121     122
    291   1   0     237     132     133
    292   1   0     238     133     134
    293   1   0     359     306     304
    294   1   0     201      61      62
    295   1   0     203      59      60
    296   1   0     202      60      61
    297   1   0     306     203     202
    298   1   0     240      59     203
    299   1   0     204     138     140
    300   1   0     307     206     205

 feap * * 2D Strip with hole                                                   

     E l e m e n t s

   Elmt Mat Reg  1 Node  2 Node  3 Node
    301   1   0     308     137     240
    302   1   0     304     202     201
    303   1   0     206     204     140
    304   1   0     206     141     139
    305   1   0     379     283     289
    306   1   0     238     237     133
    307   1   0     245     146     148
    308   1   0     208     191     115
    309   1   0     209     149     151
    310   1   0     222     151     152
    311   1   0     252     155     156
    312   1   0     369     361     294
    313   1   0     270     160     212
    314   1   0     253     157     154
    315   1   0     256     162     163
    316   1   0     269     184     157
    317   1   0     213     166     167
    318   1   0     218     167     168
    319   1   0     214     169      92
    320   1   0     214      93     175
    321   1   0     260     218     168
    322   1   0     310     169     214
    323   1   0     262     173     216
    324   1   0     216     173     171
    325   1   0     217      90     170
    326   1   0     261     170     215
    327   1   0     311     219     220
    328   1   0     218     213     167
    329   1   0     219     175     176
    330   1   0     298     220     264
    331   1   0     264     178     179
    332   1   0     263     177     181
    333   1   0     242     144     142
    334   1   0     362     284     288
    335   1   0     222     209     151
    336   1   0     250     222     152
    337   1   0     251     107     223
    338   1   0     313     224     280
    339   1   0     226     113     109
    340   1   0     226     224     113
    341   1   0     428     353     274
    342   1   0     314     111     225
    343   1   0     249     114     248
    344   1   0     363     292     352
    345   1   0     330     247     209
    346   1   0     246     116     227
    347   1   0     228     143     145
    348   1   0     244     145     146
    349   1   0     229     201      62
    350   1   0     305     194     143

 feap * * 2D Strip with hole                                                   

     E l e m e n t s

   Elmt Mat Reg  1 Node  2 Node  3 Node
    351   1   0     364     318     287
    352   1   0     230     130     131
    353   1   0     231     124      39
    354   1   0     231      40     130
    355   1   0     232     196     125
    356   1   0     232     126     197
    357   1   0     317     124     231
    358   1   0     317     231     285
    359   1   0     234     199     123
    360   1   0     365     364     287
    361   1   0     235     195     120
    362   1   0     236     235     121
    363   1   0     319     199     276
    364   1   0     319     236     199
    365   1   0     320     236     319
    366   1   0     237     200     132
    367   1   0     239     238     134
    368   1   0     321     235     320
    369   1   0     243     239     108
    370   1   0     326     239     243
    371   1   0     240     137      58
    372   1   0     323     203     306
    373   1   0     241     140      53
    374   1   0     241      53      54
    375   1   0     242     227     144
    376   1   0     322     195     321
    377   1   0     283     207     189
    378   1   0     325     207     283
    379   1   0     245     244     146
    380   1   0     331     245     247
    381   1   0     247     245     148
    382   1   0     329     246     227
    383   1   0     246     208     147
    384   1   0     329     227     290
    385   1   0     331     247     330
    386   1   0     330     209     291
    387   1   0     303     191     208
    388   1   0     332     191     303
    389   1   0     335     210     309
    390   1   0     249     226     109
    391   1   0     250     152     153
    392   1   0     309     252     294
    393   1   0     349     254     270
    394   1   0     253     154     251
    395   1   0     252     210     155
    396   1   0     252     156     211
    397   1   0     269     255     184
    398   1   0     269     157     253
    399   1   0     254     211     158
    400   1   0     348     269     253

 feap * * 2D Strip with hole                                                   

     E l e m e n t s

   Elmt Mat Reg  1 Node  2 Node  3 Node
    401   1   0     338     256     296
    402   1   0     255     161     184
    403   1   0     256     212     162
    404   1   0     257     256     163
    405   1   0     258     164     110
    406   1   0     268     183     267
    407   1   0     259     258     110
    408   1   0     339     268     302
    409   1   0     259     110     166
    410   1   0     344     340     213
    411   1   0     262     260     174
    412   1   0     366     310     297
    413   1   0     261     172     217
    414   1   0     342     261     215
    415   1   0     367     310     366
    416   1   0     368     343     367
    417   1   0     266     181     182
    418   1   0     265     182     165
    419   1   0     264     220     178
    420   1   0     299     180     177
    421   1   0     268     165     183
    422   1   0     344     218     281
    423   1   0     301     300     266
    424   1   0     266     263     181
    425   1   0     369     336     354
    426   1   0     347     259     340
    427   1   0     486     423     420
    428   1   0     268     265     165
    429   1   0     295     253     251
    430   1   0     338     212     256
    431   1   0     270     159     160
    432   1   0     371     296     357
    433   1   0     271     186      11
    434   1   0     271      11     106
    435   1   0     272     187      13
    436   1   0     314     188     111
    437   1   0     394     351     314
    438   1   0     273     271     187
    439   1   0     274     190     186
    440   1   0     274     186     271
    441   1   0     275     193     117
    442   1   0     278     275     192
    443   1   0     276     199     234
    444   1   0     288     284     200
    445   1   0     372     193     275
    446   1   0     277     201     229
    447   1   0     307     204     206
    448   1   0     373     308     323
    449   1   0     481     413     384
    450   1   0     320     235     236

 feap * * 2D Strip with hole                                                   

     E l e m e n t s

   Elmt Mat Reg  1 Node  2 Node  3 Node
    451   1   0     292     226     249
    452   1   0     484     416     361
    453   1   0     281     218     260
    454   1   0     427     391     355
    455   1   0     293     223     282
    456   1   0     282     223     190
    457   1   0     289     189     193
    458   1   0     375     228     327
    459   1   0     432     365     398
    460   1   0     288     200     237
    461   1   0     285     231     130
    462   1   0     376     230     284
    463   1   0     287     232     286
    464   1   0     365     233     317
    465   1   0     318     196     287
    466   1   0     287     196     232
    467   1   0     312     288     237
    468   1   0     399     276     318
    469   1   0     378     372     275
    470   1   0     433     289     372
    471   1   0     327     244     315
    472   1   0     290     227     242
    473   1   0     291     209     222
    474   1   0     334     222     250
    475   1   0     292     280     226
    476   1   0     332     248     191
    477   1   0     295     251     293
    478   1   0     434     394     395
    479   1   0     294     252     211
    480   1   0     336     211     254
    481   1   0     348     253     295
    482   1   0     482     414     385
    483   1   0     296     256     257
    484   1   0     346     257     258
    485   1   0     310     214     297
    486   1   0     297     214     175
    487   1   0     311     220     298
    488   1   0     300     263     266
    489   1   0     299     177     263
    490   1   0     355     299     263
    491   1   0     301     266     265
    492   1   0     520     495     440
    493   1   0     339     265     268
    494   1   0     383     370     339
    495   1   0     302     268     267
    496   1   0     345     267     255
    497   1   0     483     415     389
    498   1   0     412     303     328
    499   1   0     306     202     304
    500   1   0     386     304     277

 feap * * 2D Strip with hole                                                   

     E l e m e n t s

   Elmt Mat Reg  1 Node  2 Node  3 Node
    501   1   0     316     194     305
    502   1   0     327     228     244
    503   1   0     438     388     373
    504   1   0     323     308     240
    505   1   0     387     204     307
    506   1   0     388     205     308
    507   1   0     308     205     137
    508   1   0     451     438     373
    509   1   0     361     309     294
    510   1   0     309     210     252
    511   1   0     440     367     366
    512   1   0     310     215     169
    513   1   0     390     219     311
    514   1   0     391     298     355
    515   1   0     312     237     238
    516   1   0     441     362     401
    517   1   0     313     225     224
    518   1   0     363     280     292
    519   1   0     494     428     394
    520   1   0     395     225     313
    521   1   0     392     321     320
    522   1   0     315     244     245
    523   1   0     407     305     375
    524   1   0     316     277     229
    525   1   0     317     233     124
    526   1   0     496     398     376
    527   1   0     400     276     399
    528   1   0     318     276     234
    529   1   0     399     318     364
    530   1   0     400     319     276
    531   1   0     470     403     392
    532   1   0     321     195     235
    533   1   0     467     400     399
    534   1   0     322     221     195
    535   1   0     374     326     325
    536   1   0     324     221     322
    537   1   0     323     240     203
    538   1   0     405     306     359
    539   1   0     469     402     404
    540   1   0     324     290     242
    541   1   0     326     243     325
    542   1   0     445     386     397
    543   1   0     403     321     392
    544   1   0     326     279     239
    545   1   0     375     305     228
    546   1   0     413     315     331
    547   1   0     328     303     208
    548   1   0     329     328     246
    549   1   0     396     324     322
    550   1   0     409     290     406

 feap * * 2D Strip with hole                                                   

     E l e m e n t s

   Elmt Mat Reg  1 Node  2 Node  3 Node
    551   1   0     415     334     389
    552   1   0     406     290     324
    553   1   0     413     331     384
    554   1   0     331     315     245
    555   1   0     385     332     303
    556   1   0     333     248     332
    557   1   0     389     334     335
    558   1   0     333     292     249
    559   1   0     334     291     222
    560   1   0     335     334     250
    561   1   0     335     250     210
    562   1   0     497     434     464
    563   1   0     336     294     211
    564   1   0     426     338     371
    565   1   0     345     255     337
    566   1   0     348     337     269
    567   1   0     350     212     338
    568   1   0     422     418     345
    569   1   0     423     347     340
    570   1   0     339     301     265
    571   1   0     340     259     213
    572   1   0     528     513     486
    573   1   0     341     281     260
    574   1   0     343     216     342
    575   1   0     342     216     261
    576   1   0     367     215     310
    577   1   0     343     341     262
    578   1   0     343     262     216
    579   1   0     344     213     218
    580   1   0     421     281     382
    581   1   0     345     302     267
    582   1   0     493     426     371
    583   1   0     346     296     257
    584   1   0     347     346     258
    585   1   0     347     258     259
    586   1   0     421     420     344
    587   1   0     557     491     492
    588   1   0     381     295     293
    589   1   0     349     336     254
    590   1   0     350     349     270
    591   1   0     350     270     212
    592   1   0     500     498     447
    593   1   0     351     273     272
    594   1   0     351     188     314
    595   1   0     352     292     333
    596   1   0     414     333     332
    597   1   0     353     282     190
    598   1   0     428     274     273
    599   1   0     354     336     349
    600   1   0     424     348     295

 feap * * 2D Strip with hole                                                   

     E l e m e n t s

   Elmt Mat Reg  1 Node  2 Node  3 Node
    601   1   0     355     298     299
    602   1   0     355     263     300
    603   1   0     520     461     495
    604   1   0     356     300     301
    605   1   0     418     383     302
    606   1   0     357     296     346
    607   1   0     358     106       1
    608   1   0     358      12     187
    609   1   0     397     277     316
    610   1   0     501     438     451
    611   1   0     374     325     360
    612   1   0     360     325     283
    613   1   0     415     291     334
    614   1   0     416     309     361
    615   1   0     401     288     312
    616   1   0     402     312     279
    617   1   0     452     282     353
    618   1   0     393     280     363
    619   1   0     365     287     286
    620   1   0     559     466     432
    621   1   0     365     286     233
    622   1   0     398     285     376
    623   1   0     390     366     297
    624   1   0     560     530     516
    625   1   0     367     343     342
    626   1   0     367     342     215
    627   1   0     382     341     368
    628   1   0     368     341     343
    629   1   0     369     294     336
    630   1   0     425     348     424
    631   1   0     370     356     301
    632   1   0     383     339     302
    633   1   0     453     450     418
    634   1   0     371     338     296
    635   1   0     372     289     193
    636   1   0     378     275     278
    637   1   0     405     373     323
    638   1   0     472     359     456
    639   1   0     404     326     374
    640   1   0     474     407     375
    641   1   0     407     316     305
    642   1   0     408     327     315
    643   1   0     376     285     230
    644   1   0     455     284     362
    645   1   0     392     320     377
    646   1   0     377     320     319
    647   1   0     387     378     278
    648   1   0     438     387     388
    649   1   0     519     501     439
    650   1   0     379     360     283

 feap * * 2D Strip with hole                                                   

     E l e m e n t s

   Elmt Mat Reg  1 Node  2 Node  3 Node
    651   1   0     381     293     380
    652   1   0     380     293     282
    653   1   0     518     504     484
    654   1   0     424     295     381
    655   1   0     458     370     447
    656   1   0     382     281     341
    657   1   0     418     302     345
    658   1   0     459     419     429
    659   1   0     384     331     330
    660   1   0     411     330     291
    661   1   0     414     332     385
    662   1   0     410     329     409
    663   1   0     386     359     304
    664   1   0     397     386     277
    665   1   0     387     278     204
    666   1   0     388     387     307
    667   1   0     388     307     205
    668   1   0     388     308     373
    669   1   0     561     505     452
    670   1   0     480     412     478
    671   1   0     390     297     219
    672   1   0     461     311     391
    673   1   0     391     311     298
    674   1   0     427     355     300
    675   1   0     506     444     469
    676   1   0     403     322     321
    677   1   0     393     313     280
    678   1   0     463     363     435
    679   1   0     395     314     225
    680   1   0     395     394     314
    681   1   0     464     313     393
    682   1   0     464     395     313
    683   1   0     444     441     401
    684   1   0     406     324     396
    685   1   0     407     397     316
    686   1   0     562     501     507
    687   1   0     398     365     317
    688   1   0     398     317     285
    689   1   0     466     364     432
    690   1   0     559     432     496
    691   1   0     502     467     466
    692   1   0     400     377     319
    693   1   0     401     362     288
    694   1   0     402     401     312
    695   1   0     404     402     279
    696   1   0     462     404     374
    697   1   0     403     396     322
    698   1   0     537     468     536
    699   1   0     404     279     326
    700   1   0     509     454     474

 feap * * 2D Strip with hole                                                   

     E l e m e n t s

   Elmt Mat Reg  1 Node  2 Node  3 Node
    701   1   0     405     323     306
    702   1   0     456     386     445
    703   1   0     473     406     430
    704   1   0     409     329     290
    705   1   0     475     375     327
    706   1   0     454     445     397
    707   1   0     475     327     408
    708   1   0     479     384     411
    709   1   0     473     409     406
    710   1   0     410     328     329
    711   1   0     477     409     473
    712   1   0     412     328     410
    713   1   0     437     411     415
    714   1   0     411     384     330
    715   1   0     614     524     586
    716   1   0     412     385     303
    717   1   0     413     408     315
    718   1   0     522     430     442
    719   1   0     414     352     333
    720   1   0     551     483     431
    721   1   0     415     411     291
    722   1   0     483     389     431
    723   1   0     416     335     309
    724   1   0     449     361     369
    725   1   0     417     354     349
    726   1   0     426     417     350
    727   1   0     422     345     337
    728   1   0     459     357     419
    729   1   0     419     357     346
    730   1   0     487     486     420
    731   1   0     420     340     344
    732   1   0     528     486     487
    733   1   0     421     344     281
    734   1   0     488     382     436
    735   1   0     425     337     348
    736   1   0     613     525     569
    737   1   0     423     419     347
    738   1   0     423     340     420
    739   1   0     565     518     563
    740   1   0     491     449     369
    741   1   0     492     417     448
    742   1   0     425     422     337
    743   1   0     426     350     338
    744   1   0     529     515     459
    745   1   0     560     554     495
    746   1   0     516     356     458
    747   1   0     428     273     351
    748   1   0     428     351     394
    749   1   0     615     555     564
    750   1   0     429     419     423

 feap * * 2D Strip with hole                                                   

     E l e m e n t s

   Elmt Mat Reg  1 Node  2 Node  3 Node
    751   1   0     430     406     396
    752   1   0     442     396     403
    753   1   0     518     449     499
    754   1   0     431     389     416
    755   1   0     432     364     365
    756   1   0     559     502     466
    757   1   0     433     379     289
    758   1   0     439     372     378
    759   1   0     533     464     393
    760   1   0     624     561     497
    761   1   0     435     363     352
    762   1   0     460     352     414
    763   1   0     436     382     368
    764   1   0     440     436     368
    765   1   0     478     410     477
    766   1   0     479     411     437
    767   1   0     519     387     438
    768   1   0     451     373     405
    769   1   0     439     433     372
    770   1   0     519     439     378
    771   1   0     440     368     367
    772   1   0     520     366     390
    773   1   0     470     392     443
    774   1   0     444     401     402
    775   1   0     442     430     396
    776   1   0     443     392     377
    777   1   0     468     377     400
    778   1   0     521     444     506
    779   1   0     465     360     379
    780   1   0     598     541     523
    781   1   0     568     535     527
    782   1   0     454     397     407
    783   1   0     490     381     446
    784   1   0     446     381     380
    785   1   0     447     370     383
    786   1   0     450     383     418
    787   1   0     489     425     457
    788   1   0     448     417     426
    789   1   0     631     563     587
    790   1   0     491     369     354
    791   1   0     450     447     383
    792   1   0     453     418     422
    793   1   0     472     405     359
    794   1   0     456     359     386
    795   1   0     452     380     282
    796   1   0     494     452     353
    797   1   0     489     422     425
    798   1   0     655     611     613
    799   1   0     474     454     407
    800   1   0     589     509     585

 feap * * 2D Strip with hole                                                   

     E l e m e n t s

   Elmt Mat Reg  1 Node  2 Node  3 Node
    801   1   0     455     376     284
    802   1   0     526     362     441
    803   1   0     527     454     509
    804   1   0     507     501     451
    805   1   0     457     425     424
    806   1   0     490     424     381
    807   1   0     570     553     560
    808   1   0     458     356     370
    809   1   0     485     357     459
    810   1   0     580     529     513
    811   1   0     460     435     352
    812   1   0     477     410     409
    813   1   0     461     390     311
    814   1   0     530     391     427
    815   1   0     531     469     462
    816   1   0     471     374     360
    817   1   0     463     393     363
    818   1   0     532     435     510
    819   1   0     464     434     395
    820   1   0     533     393     463
    821   1   0     534     379     433
    822   1   0     527     445     454
    823   1   0     467     399     466
    824   1   0     466     399     364
    825   1   0     536     467     502
    826   1   0     468     400     467
    827   1   0     594     536     502
    828   1   0     468     443     377
    829   1   0     469     444     402
    830   1   0     469     404     462
    831   1   0     470     442     403
    832   1   0     537     443     468
    833   1   0     471     462     374
    834   1   0     471     360     465
    835   1   0     472     451     405
    836   1   0     593     539     535
    837   1   0     522     511     430
    838   1   0     511     473     430
    839   1   0     475     474     375
    840   1   0     574     465     534
    841   1   0     542     408     476
    842   1   0     542     475     408
    843   1   0     476     408     413
    844   1   0     645     601     575
    845   1   0     540     477     473
    846   1   0     478     412     410
    847   1   0     545     477     540
    848   1   0     480     385     412
    849   1   0     481     384     479
    850   1   0     512     437     483

 feap * * 2D Strip with hole                                                   

     E l e m e n t s

   Elmt Mat Reg  1 Node  2 Node  3 Node
    851   1   0     601     545     540
    852   1   0     482     385     480
    853   1   0     547     479     437
    854   1   0     481     476     413
    855   1   0     545     478     477
    856   1   0     482     460     414
    857   1   0     483     437     415
    858   1   0     504     431     484
    859   1   0     484     431     416
    860   1   0     484     361     449
    861   1   0     659     629     619
    862   1   0     485     371     357
    863   1   0     486     429     423
    864   1   0     487     420     421
    865   1   0     488     487     421
    866   1   0     553     528     487
    867   1   0     488     421     382
    868   1   0     554     436     495
    869   1   0     555     489     514
    870   1   0     489     453     422
    871   1   0     490     457     424
    872   1   0     727     697     674
    873   1   0     492     491     354
    874   1   0     558     448     525
    875   1   0     492     354     417
    876   1   0     552     525     493
    877   1   0     493     448     426
    878   1   0     493     371     485
    879   1   0     494     353     428
    880   1   0     494     394     434
    881   1   0     530     495     461
    882   1   0     495     436     440
    883   1   0     496     432     398
    884   1   0     496     376     455
    885   1   0     620     579     591
    886   1   0     579     497     533
    887   1   0     498     458     447
    888   1   0     500     447     450
    889   1   0     524     514     457
    890   1   0     499     449     491
    891   1   0     517     450     453
    892   1   0     529     429     513
    893   1   0     503     439     501
    894   1   0     507     451     472
    895   1   0     559     526     502
    896   1   0     521     441     444
    897   1   0     534     433     503
    898   1   0     503     433     439
    899   1   0     548     480     546
    900   1   0     551     431     504

 feap * * 2D Strip with hole                                                   

     E l e m e n t s

   Elmt Mat Reg  1 Node  2 Node  3 Node
    901   1   0     505     446     380
    902   1   0     505     380     452
    903   1   0     541     471     523
    904   1   0     538     470     443
    905   1   0     539     472     456
    906   1   0     535     445     527
    907   1   0     522     442     508
    908   1   0     508     442     470
    909   1   0     543     474     475
    910   1   0     658     627     633
    911   1   0     510     435     460
    912   1   0     550     460     482
    913   1   0     549     481     544
    914   1   0     540     473     511
    915   1   0     547     437     512
    916   1   0     551     512     483
    917   1   0     513     429     486
    918   1   0     590     513     528
    919   1   0     514     489     457
    920   1   0     524     457     490
    921   1   0     552     485     515
    922   1   0     515     485     459
    923   1   0     516     427     356
    924   1   0     570     528     553
    925   1   0     517     500     450
    926   1   0     555     453     489
    927   1   0     518     484     449
    928   1   0     622     514     581
    929   1   0     519     378     387
    930   1   0     519     438     501
    931   1   0     520     440     366
    932   1   0     520     390     461
    933   1   0     623     594     588
    934   1   0     584     582     506
    935   1   0     596     538     595
    936   1   0     584     531     567
    937   1   0     599     543     542
    938   1   0     523     471     465
    939   1   0     556     490     446
    940   1   0     676     624     579
    941   1   0     611     587     557
    942   1   0     525     448     493
    943   1   0     526     455     362
    944   1   0     588     441     521
    945   1   0     535     456     445
    946   1   0     585     509     543
    947   1   0     553     487     488
    948   1   0     590     580     513
    949   1   0     529     459     429
    950   1   0     580     571     529

 feap * * 2D Strip with hole                                                   

     E l e m e n t s

   Elmt Mat Reg  1 Node  2 Node  3 Node
    951   1   0     530     461     391
    952   1   0     530     427     516
    953   1   0     531     506     469
    954   1   0     541     531     462
    955   1   0     624     497     579
    956   1   0     532     463     435
    957   1   0     533     497     464
    958   1   0     591     463     532
    959   1   0     534     465     379
    960   1   0     562     503     501
    961   1   0     593     535     568
    962   1   0     539     456     535
    963   1   0     536     468     467
    964   1   0     594     526     588
    965   1   0     595     537     572
    966   1   0     538     443     537
    967   1   0     595     538     537
    968   1   0     538     508     470
    969   1   0     592     574     534
    970   1   0     539     507     472
    971   1   0     546     478     545
    972   1   0     741     716     721
    973   1   0     541     462     471
    974   1   0     625     568     589
    975   1   0     606     542     476
    976   1   0     549     476     481
    977   1   0     543     509     474
    978   1   0     543     475     542
    979   1   0     544     481     479
    980   1   0     600     546     576
    981   1   0     546     480     478
    982   1   0     601     540     575
    983   1   0     609     512     551
    984   1   0     548     482     480
    985   1   0     547     544     479
    986   1   0     602     597     544
    987   1   0     600     548     546
    988   1   0     550     482     548
    989   1   0     583     522     508
    990   1   0     606     476     549
    991   1   0     654     603     609
    992   1   0     550     510     460
    993   1   0     565     504     518
    994   1   0     608     551     504
    995   1   0     552     493     485
    996   1   0     659     619     610
    997   1   0     554     553     488
    998   1   0     570     560     516
    999   1   0     554     488     436
   1000   1   0     560     495     530

 feap * * 2D Strip with hole                                                   

     E l e m e n t s

   Elmt Mat Reg  1 Node  2 Node  3 Node
   1001   1   0     555     517     453
   1002   1   0     617     587     611
   1003   1   0     556     524     490
   1004   1   0     624     612     505
   1005   1   0     557     499     491
   1006   1   0     558     557     492
   1007   1   0     558     492     448
   1008   1   0     656     569     619
   1009   1   0     559     496     455
   1010   1   0     559     455     526
   1011   1   0     570     516     458
   1012   1   0     560     553     554
   1013   1   0     561     452     494
   1014   1   0     561     434     497
   1015   1   0     592     503     562
   1016   1   0     573     507     539
   1017   1   0     563     518     499
   1018   1   0     587     499     557
   1019   1   0     564     555     514
   1020   1   0     581     514     524
   1021   1   0     604     548     600
   1022   1   0     608     504     565
   1023   1   0     659     571     630
   1024   1   0     566     517     555
   1025   1   0     627     582     584
   1026   1   0     567     531     541
   1027   1   0     660     628     639
   1028   1   0     589     527     509
   1029   1   0     569     525     552
   1030   1   0     610     552     515
   1031   1   0     570     458     498
   1032   1   0     590     570     498
   1033   1   0     571     515     529
   1034   1   0     630     580     500
   1035   1   0     572     537     536
   1036   1   0     663     588     521
   1037   1   0     628     573     593
   1038   1   0     573     562     507
   1039   1   0     574     523     465
   1040   1   0     592     534     503
   1041   1   0     575     540     511
   1042   1   0     605     511     522
   1043   1   0     603     547     512
   1044   1   0     576     546     545
   1045   1   0     577     500     517
   1046   1   0     629     517     566
   1047   1   0     578     532     510
   1048   1   0     607     510     550
   1049   1   0     591     533     463
   1050   1   0     591     579     533

 feap * * 2D Strip with hole                                                   

     E l e m e n t s

   Elmt Mat Reg  1 Node  2 Node  3 Node
   1051   1   0     580     498     500
   1052   1   0     630     500     577
   1053   1   0     586     524     556
   1054   1   0     700     668     670
   1055   1   0     582     521     506
   1056   1   0     642     583     596
   1057   1   0     605     522     583
   1058   1   0     596     508     538
   1059   1   0     584     506     531
   1060   1   0     633     584     567
   1061   1   0     711     682     710
   1062   1   0     679     633     635
   1063   1   0     636     556     612
   1064   1   0     653     607     647
   1065   1   0     587     563     499
   1066   1   0     611     557     558
   1067   1   0     588     526     441
   1068   1   0     663     521     582
   1069   1   0     637     585     621
   1070   1   0     589     568     527
   1071   1   0     590     528     570
   1072   1   0     590     498     580
   1073   1   0     638     532     578
   1074   1   0     638     591     532
   1075   1   0     592     562     573
   1076   1   0     628     592     573
   1077   1   0     593     573     539
   1078   1   0     639     568     625
   1079   1   0     594     572     536
   1080   1   0     594     502     526
   1081   1   0     640     572     623
   1082   1   0     664     641     640
   1083   1   0     641     595     640
   1084   1   0     596     583     508
   1085   1   0     597     549     544
   1086   1   0     602     544     547
   1087   1   0     598     567     541
   1088   1   0     643     523     574
   1089   1   0     599     585     543
   1090   1   0     606     599     542
   1091   1   0     604     550     548
   1092   1   0     644     576     618
   1093   1   0     601     576     545
   1094   1   0     634     605     632
   1095   1   0     603     602     547
   1096   1   0     696     646     654
   1097   1   0     609     551     608
   1098   1   0     648     604     600
   1099   1   0     607     550     604
   1100   1   0     644     600     576

 feap * * 2D Strip with hole                                                   

     E l e m e n t s

   Elmt Mat Reg  1 Node  2 Node  3 Node
   1101   1   0     633     627     584
   1102   1   0     605     575     511
   1103   1   0     649     549     597
   1104   1   0     649     606     549
   1105   1   0     652     608     565
   1106   1   0     607     578     510
   1107   1   0     729     708     699
   1108   1   0     693     616     661
   1109   1   0     646     626     602
   1110   1   0     609     603     512
   1111   1   0     610     569     552
   1112   1   0     610     515     571
   1113   1   0     613     611     558
   1114   1   0     655     617     611
   1115   1   0     612     556     446
   1116   1   0     612     446     505
   1117   1   0     613     558     525
   1118   1   0     672     667     656
   1119   1   0     700     669     675
   1120   1   0     614     581     524
   1121   1   0     615     566     555
   1122   1   0     675     669     622
   1123   1   0     652     565     616
   1124   1   0     616     565     563
   1125   1   0     670     655     667
   1126   1   0     675     581     614
   1127   1   0     685     632     642
   1128   1   0     618     576     601
   1129   1   0     672     566     615
   1130   1   0     619     569     610
   1131   1   0     718     690     689
   1132   1   0     674     620     638
   1133   1   0     621     585     599
   1134   1   0     650     599     606
   1135   1   0     622     564     514
   1136   1   0     675     614     666
   1137   1   0     664     663     627
   1138   1   0     623     572     594
   1139   1   0     624     505     561
   1140   1   0     676     579     620
   1141   1   0     677     598     643
   1142   1   0     637     589     585
   1143   1   0     626     597     602
   1144   1   0     646     602     603
   1145   1   0     635     567     598
   1146   1   0     641     596     595
   1147   1   0     678     592     628
   1148   1   0     639     593     568
   1149   1   0     629     577     517
   1150   1   0     629     566     619

 feap * * 2D Strip with hole                                                   

     E l e m e n t s

   Elmt Mat Reg  1 Node  2 Node  3 Node
   1151   1   0     659     630     577
   1152   1   0     630     571     580
   1153   1   0     631     616     563
   1154   1   0     631     587     617
   1155   1   0     634     575     605
   1156   1   0     632     605     583
   1157   1   0     635     633     567
   1158   1   0     702     683     681
   1159   1   0     680     634     671
   1160   1   0     645     575     634
   1161   1   0     678     660     643
   1162   1   0     682     681     637
   1163   1   0     636     586     556
   1164   1   0     676     636     612
   1165   1   0     637     625     589
   1166   1   0     682     621     662
   1167   1   0     638     620     591
   1168   1   0     653     578     607
   1169   1   0     639     628     593
   1170   1   0     712     702     709
   1171   1   0     640     595     572
   1172   1   0     663     640     623
   1173   1   0     703     684     664
   1174   1   0     642     596     641
   1175   1   0     684     641     664
   1176   1   0     642     632     583
   1177   1   0     643     598     523
   1178   1   0     678     643     574
   1179   1   0     648     600     644
   1180   1   0     680     645     634
   1181   1   0     704     680     671
   1182   1   0     645     618     601
   1183   1   0     651     609     608
   1184   1   0     694     652     693
   1185   1   0     647     607     604
   1186   1   0     648     647     604
   1187   1   0     689     644     686
   1188   1   0     689     648     644
   1189   1   0     692     649     597
   1190   1   0     692     597     626
   1191   1   0     650     621     599
   1192   1   0     650     606     649
   1193   1   0     654     609     651
   1194   1   0     652     651     608
   1195   1   0     705     674     695
   1196   1   0     693     652     616
   1197   1   0     697     657     636
   1198   1   0     695     578     653
   1199   1   0     688     654     651
   1200   1   0     654     646     603

 feap * * 2D Strip with hole                                                   

     E l e m e n t s

   Elmt Mat Reg  1 Node  2 Node  3 Node
   1201   1   0     656     655     613
   1202   1   0     667     655     656
   1203   1   0     656     613     569
   1204   1   0     672     656     619
   1205   1   0     666     586     657
   1206   1   0     657     586     636
   1207   1   0     662     621     650
   1208   1   0     685     642     684
   1209   1   0     659     610     571
   1210   1   0     659     577     629
   1211   1   0     683     639     625
   1212   1   0     683     625     681
   1213   1   0     661     616     631
   1214   1   0     668     631     617
   1215   1   0     691     650     649
   1216   1   0     706     680     704
   1217   1   0     663     623     588
   1218   1   0     663     582     627
   1219   1   0     664     640     663
   1220   1   0     703     627     658
   1221   1   0     687     618     645
   1222   1   0     665     626     646
   1223   1   0     666     614     586
   1224   1   0     757     729     749
   1225   1   0     669     615     564
   1226   1   0     669     564     622
   1227   1   0     668     661     631
   1228   1   0     670     668     617
   1229   1   0     669     667     615
   1230   1   0     675     622     581
   1231   1   0     670     617     655
   1232   1   0     670     667     669
   1233   1   0     671     634     632
   1234   1   0     714     685     713
   1235   1   0     672     619     566
   1236   1   0     672     615     667
   1237   1   0     673     653     647
   1238   1   0     690     647     648
   1239   1   0     695     638     578
   1240   1   0     695     674     638
   1241   1   0     708     666     699
   1242   1   0     700     698     668
   1243   1   0     697     676     620
   1244   1   0     676     612     624
   1245   1   0     677     635     598
   1246   1   0     677     643     660
   1247   1   0     678     574     592
   1248   1   0     678     628     660
   1249   1   0     679     658     633
   1250   1   0     709     635     677

 feap * * 2D Strip with hole                                                   

     E l e m e n t s

   Elmt Mat Reg  1 Node  2 Node  3 Node
   1251   1   0     687     686     618
   1252   1   0     687     645     680
   1253   1   0     681     625     637
   1254   1   0     682     637     621
   1255   1   0     730     710     728
   1256   1   0     710     682     662
   1257   1   0     712     660     683
   1258   1   0     683     660     639
   1259   1   0     713     684     703
   1260   1   0     684     642     641
   1261   1   0     731     713     707
   1262   1   0     685     671     632
   1263   1   0     715     689     686
   1264   1   0     686     644     618
   1265   1   0     720     692     626
   1266   1   0     717     687     706
   1267   1   0     696     654     688
   1268   1   0     694     651     652
   1269   1   0     718     689     715
   1270   1   0     690     648     689
   1271   1   0     748     732     742
   1272   1   0     690     673     647
   1273   1   0     691     662     650
   1274   1   0     692     691     649
   1275   1   0     720     626     665
   1276   1   0     733     721     720
   1277   1   0     722     661     698
   1278   1   0     723     693     722
   1279   1   0     753     734     722
   1280   1   0     694     688     651
   1281   1   0     725     653     673
   1282   1   0     727     699     657
   1283   1   0     696     665     646
   1284   1   0     724     688     694
   1285   1   0     697     636     676
   1286   1   0     697     620     674
   1287   1   0     699     666     657
   1288   1   0     698     661     668
   1289   1   0     749     727     705
   1290   1   0     749     729     699
   1291   1   0     700     670     669
   1292   1   0     737     675     708
   1293   1   0     724     694     723
   1294   1   0     701     673     690
   1295   1   0     711     681     682
   1296   1   0     736     709     702
   1297   1   0     703     664     627
   1298   1   0     713     658     707
   1299   1   0     714     671     685
   1300   1   0     716     710     662

 feap * * 2D Strip with hole                                                   

     E l e m e n t s

   Elmt Mat Reg  1 Node  2 Node  3 Node
   1301   1   0     725     695     653
   1302   1   0     725     705     695
   1303   1   0     717     715     686
   1304   1   0     706     687     680
   1305   1   0     707     658     679
   1306   1   0     736     679     709
   1307   1   0     737     708     729
   1308   1   0     708     675     666
   1309   1   0     709     679     635
   1310   1   0     712     709     677
   1311   1   0     716     662     691
   1312   1   0     750     738     731
   1313   1   0     736     711     730
   1314   1   0     711     702     681
   1315   1   0     712     677     660
   1316   1   0     712     683     702
   1317   1   0     713     685     684
   1318   1   0     713     703     658
   1319   1   0     755     750     731
   1320   1   0     714     704     671
   1321   1   0     717     686     687
   1322   1   0     756     751     743
   1323   1   0     721     691     692
   1324   1   0     740     704     738
   1325   1   0     741     721     733
   1326   1   0     751     742     739
   1327   1   0     742     715     739
   1328   1   0     718     701     690
   1329   1   0     719     665     696
   1330   1   0     726     696     688
   1331   1   0     721     692     720
   1332   1   0     743     665     719
   1333   1   0     752     744     740
   1334   1   0     721     716     691
   1335   1   0     722     693     661
   1336   1   0     753     737     729
   1337   1   0     745     723     734
   1338   1   0     723     694     693
   1339   1   0     758     747     701
   1340   1   0     726     688     724
   1341   1   0     747     673     701
   1342   1   0     754     735     747
   1343   1   0     746     724     745
   1344   1   0     726     719     696
   1345   1   0     727     657     697
   1346   1   0     727     674     705
   1347   1   0     738     714     731
   1348   1   0     728     710     716
   1349   1   0     753     698     737
   1350   1   0     757     749     735

 feap * * 2D Strip with hole                                                   

     E l e m e n t s

   Elmt Mat Reg  1 Node  2 Node  3 Node
   1351   1   0     755     736     730
   1352   1   0     730     711     710
   1353   1   0     731     714     713
   1354   1   0     755     731     707
   1355   1   0     732     701     718
   1356   1   0     742     718     715
   1357   1   0     743     720     665
   1358   1   0     744     706     740
   1359   1   0     758     746     754
   1360   1   0     734     723     722
   1361   1   0     735     705     725
   1362   1   0     747     725     673
   1363   1   0     736     707     679
   1364   1   0     736     702     711
   1365   1   0     737     698     700
   1366   1   0     737     700     675
   1367   1   0     760     738     750
   1368   1   0     738     704     714
   1369   1   0     739     715     717
   1370   1   0     744     717     706
   1371   1   0     760     741     752
   1372   1   0     740     706     704
   1373   1   0     741     728     716
   1374   1   0     759     733     751
   1375   1   0     756     748     742
   1376   1   0     742     732     718
   1377   1   0     743     733     720
   1378   1   0     756     743     719
   1379   1   0     759     752     741
   1380   1   0     744     739     717
   1381   1   0     745     724     723
   1382   1   0     757     745     734
   1383   1   0     758     748     746
   1384   1   0     746     726     724
   1385   1   0     747     735     725
   1386   1   0     758     754     747
   1387   1   0     748     719     726
   1388   1   0     748     726     746
   1389   1   0     749     699     727
   1390   1   0     749     705     735
   1391   1   0     750     730     728
   1392   1   0     760     728     741
   1393   1   0     759     739     744
   1394   1   0     751     733     743
   1395   1   0     760     752     740
   1396   1   0     759     741     733
   1397   1   0     753     729     734
   1398   1   0     753     722     698
   1399   1   0     754     746     745
   1400   1   0     757     754     745

 feap * * 2D Strip with hole                                                   

     E l e m e n t s

   Elmt Mat Reg  1 Node  2 Node  3 Node
   1401   1   0     755     707     736
   1402   1   0     755     730     750
   1403   1   0     756     719     748
   1404   1   0     756     742     751
   1405   1   0     757     734     729
   1406   1   0     757     735     754
   1407   1   0     758     701     732
   1408   1   0     758     732     748
   1409   1   0     759     751     739
   1410   1   0     759     744     752
   1411   1   0     760     740     738
   1412   1   0     760     750     728

 feap * * 2D Strip with hole                                                   

     Nodal Forces        

      node    1 Force
         2 -5.000E-02
         3 -5.000E-02

 feap * * 2D Strip with hole                                                   

   M a t e r i a l    P r o p e r t i e s

     Material Set  1 for User Element Type 49

     Degree of Freedom Assignments    Local    Global
                                     Number    Number
                                        1         1
                                                                          
     Potentialstrmung V-Pot oder Strmungsfkt.(c)J. Schrder
     ELMT49: 3-/6-NODE-TRIANGLE/4-NODE-QUADRIATERAL
     [ 1] [   ndoff] number of general parameters.........           5
     [ 2] [   ndele] number of element parameters.........           6
     [ 3] [nhistele] number of element history variables..           0
     [ 4] [        ] not used.... ........................           0
     [ 5] [        ] not used.... ........................           0
     [ 6] [  imatID] number of material model.............           7
     [ 7] [   iform] 1 = V-pot   2 = Strmungsfkt.........           1
     [ 8] [   isymm] not used.............................           0
     [ 9] [        ] not used.... ........................           0
     [10] [     rho] density.............................. 0.00000E+00
     [11] [   gamma] specific weight...................... 0.00000E+00


          Waermeleitung                             (c) J. Schroeder
          [  ] [nhistmat] number of material history parameters           0
          [12] [    ccap] Waermeletfaehigkeit.................. 0.10000E+01

     Tie all nodes with common coordinates


      Gap Tolerance =  3.6274E-05



       T i e  - - -  N o d a l   C o o r d i n a t e s

          The following nodes have been deleted:

      No nodes merged by the tie command


 feap * * 2D Strip with hole                                                   

  E d g e    N o d a l    B.C.

    node  1-B.C.
       4       1
       5       1
      89       1
      90       1
      91       1
      92       1
      93       1
      94       1
      95       1
      96       1
      97       1

 feap * * 2D Strip with hole                                                   

  E d g e    N o d a l    V a l u e

    Node     1-Force
       2  5.0000E-02
       3  5.0000E-02
      36  1.0000E-01
      37  1.0000E-01
      38  1.0000E-01
      39  1.0000E-01
      40  1.0000E-01
      41  1.0000E-01
      42  1.0000E-01
      43  1.0000E-01
      44  1.0000E-01
      45  1.0000E-01
      46  1.0000E-01
      47  1.0000E-01
      48  1.0000E-01
      49  1.0000E-01
      50  1.0000E-01
      51  1.0000E-01
      52  1.0000E-01
      53  1.0000E-01
      54  1.0000E-01

          Material    Element Tag   Element Type  History Terms  Element Terms
              1              1             49              0              0

     P a r t i t i o n   1

     E q u a t i o n / P r o b l e m   S u m m a r y:

        Mesh dimension  (ndm) =         2 :  Number nodes     =       760
        Number dof/node (ndf) =         1 :  Number elements  =      1412
        Element eqs.   (nadd) =         0 :  Number materials =         1
        Number rigid bodies   =         0 :  Number equations =       749
        Number joints         =         0 :  Number tang terms=     55866
        Transient integrator  = Static    :  Average col. ht. =        75

 *Macro   1 * tang                v:   1.00       0.00       0.00    
                                                           t=     1.38     0.01
   Residual norm =     4.4158804E-01    1.0000000E+00      t=     1.39     0.01
 Condition check: D-max 0.3778E+01; D-min 0.4645E+00; Ratio 0.8133E+01
 Maximum no. diagonal digits lost:  1
   End Triangular Decomposition                            t=     1.41     0.01
   Number of operations =  820181 plus        4 Mega-ops
  Time: CPU =         1.42 , System =         0.01
--> SOLVE AT   267.79 Mflops. Time=        0.02
   Energy convergence test
    Maximum   =    8.969531267932130E+00 Current   =    8.969531267932130E+00
    Relative  =    1.000000000000000E+00 Tolerance =    1.000000000000000E-16
 *Macro   1 * tang                v:   1.00       0.00       0.00    
                                                           t=     1.42     0.01
   Residual norm =     6.5071709E-14    1.4735840E-13      t=     1.43     0.01
 Condition check: D-max 0.3778E+01; D-min 0.4645E+00; Ratio 0.8133E+01
 Maximum no. diagonal digits lost:  1
   End Triangular Decomposition                            t=     1.45     0.01
   Number of operations =  820181 plus        4 Mega-ops
  Time: CPU =         1.45 , System =         0.01
--> SOLVE AT   267.79 Mflops. Time=        0.02
   Energy convergence test
    Maximum   =    8.969531267932130E+00 Current   =    2.562746053319819E-27
    Relative  =    2.857168314337839E-28 Tolerance =    1.000000000000000E-16
 *Macro   1 * mac1                v:   0.00       0.00       0.00    
                                                           t=     1.45     0.01
OUTPUT DATA FOR TECPLOT VERSION 8.0  No. of Outputs:    1
 *Macro   1 * mac1                v:   1.00       0.00       0.00    
                                                           t=     1.50     0.02
 *End of Macro Execution*                                  t=     1.50     0.02
