feap * * 2D Strip with hole
  0 0 1 2 1 3
! numnp numel nummat ndm ndf nen

coord
1,0,1.,0.
2,0,3.5,0.
3,0,3.5,2.
4,0,0.,2.
5,0,0.,1.
6,0,0.1950903,0.9807853
7,0,0.4713967,0.8819213
8,0,0.6343933,0.7730104
9,0,0.7730104,0.6343933
10,0,0.8819213,0.4713967
11,0,0.9807853,0.1950903
12,0,1.1,0.
13,0,1.2,0.
14,0,1.3,0.
15,0,1.4,0.
16,0,1.5,0.
17,0,1.6,0.
18,0,1.7,0.
19,0,1.8,0.
20,0,1.9,0.
21,0,2.,0.
22,0,2.1,0.
23,0,2.2,0.
24,0,2.3,0.
25,0,2.4,0.
26,0,2.5,0.
27,0,2.6,0.
28,0,2.7,0.
29,0,2.8,0.
30,0,2.9,0.
31,0,3.,0.
32,0,3.1,0.
33,0,3.2,0.
34,0,3.3,0.
35,0,3.4,0.
36,0,3.5,0.1
37,0,3.5,0.2
38,0,3.5,0.3
39,0,3.5,0.4
40,0,3.5,0.5
41,0,3.5,0.6
42,0,3.5,0.7
43,0,3.5,0.8
44,0,3.5,0.9
45,0,3.5,1.
46,0,3.5,1.1
47,0,3.5,1.2
48,0,3.5,1.3
49,0,3.5,1.4
50,0,3.5,1.5
51,0,3.5,1.6
52,0,3.5,1.7
53,0,3.5,1.8
54,0,3.5,1.9
55,0,3.4,2.
56,0,3.3,2.
57,0,3.2,2.
58,0,3.1,2.
59,0,3.,2.
60,0,2.9,2.
61,0,2.8,2.
62,0,2.7,2.
63,0,2.6,2.
64,0,2.5,2.
65,0,2.4,2.
66,0,2.3,2.
67,0,2.2,2.
68,0,2.1,2.
69,0,2.,2.
70,0,1.9,2.
71,0,1.8,2.
72,0,1.7,2.
73,0,1.6,2.
74,0,1.5,2.
75,0,1.4,2.
76,0,1.3,2.
77,0,1.2,2.
78,0,1.1,2.
79,0,1.,2.
80,0,0.9,2.
81,0,0.8,2.
82,0,0.7,2.
83,0,0.6,2.
84,0,0.5,2.
85,0,0.4,2.
86,0,0.3,2.
87,0,0.2,2.
88,0,0.1,2.
89,0,0.,1.9
90,0,0.,1.8
91,0,0.,1.7
92,0,0.,1.6
93,0,0.,1.5
94,0,0.,1.4
95,0,0.,1.3
96,0,0.,1.2
97,0,0.,1.1
98,0,0.09801714,0.9951847
99,0,0.2902847,0.9569404
100,0,0.3826834,0.9238795
101,0,0.5555702,0.8314696
102,0,0.7071068,0.7071068
103,0,0.8314696,0.5555702
104,0,0.9238795,0.3826834
105,0,0.9569404,0.2902847
106,0,0.9951847,0.09801714
107,0,0.9797283,0.463377
108,0,3.413398,1.05
109,0,1.75,0.0866025
110,0,0.85,1.913398
111,0,1.45,0.0866025
112,0,1.55,0.0866025
113,0,1.65,0.0866025
114,0,1.85,0.0866025
115,0,2.05,0.0866025
116,0,2.25,0.0866025
117,0,3.413398,1.45
118,0,3.413398,1.35
119,0,2.55,0.0866025
120,0,2.65,0.0866025
121,0,2.75,0.0866025
122,0,2.85,0.0866025
123,0,2.95,0.0866025
124,0,3.413398,0.35
125,0,3.15,0.0866025
126,0,3.25,0.0866025
127,0,3.413398,0.15
128,0,3.413398,0.25
129,0,3.05,0.0866025
130,0,3.413398,0.55
131,0,3.413398,0.65
132,0,3.413398,0.75
133,0,3.413398,0.85
134,0,3.413398,0.95
135,0,3.413398,1.15
136,0,3.413398,1.25
137,0,3.15,1.913398
138,0,3.413398,1.65
139,0,3.25,1.913398
140,0,3.413398,1.75
141,0,3.35,1.913398
142,0,2.45,0.0866025
143,0,2.45,1.913398
144,0,2.35,0.0866025
145,0,2.35,1.913398
146,0,2.25,1.913398
147,0,2.15,0.0866025
148,0,2.15,1.913398
149,0,2.05,1.913398
150,0,1.95,0.0866025
151,0,1.95,1.913398
152,0,1.85,1.913398
153,0,1.75,1.913398
154,0,0.9295918,0.5571759
155,0,1.65,1.913398
156,0,1.55,1.913398
157,0,0.8705028,0.6456088
158,0,1.45,1.913398
159,0,1.35,1.913398
160,0,1.25,1.913398
161,0,0.7278243,0.8030303
162,0,1.15,1.913398
163,0,1.05,1.913398
164,0,0.95,1.913398
165,0,0.5571759,0.9295918
166,0,0.75,1.913398
167,0,0.65,1.913398
168,0,0.55,1.913398
169,0,0.0866025,1.65
170,0,0.0866025,1.75
171,0,0.25,1.913398
172,0,0.1306186,1.90108
173,0,0.35,1.913398
174,0,0.45,1.913398
175,0,0.0866025,1.45
176,0,0.0866025,1.35
177,0,0.2633378,1.051304
178,0,0.0866025,1.25
179,0,0.09913773,1.128096
180,0,0.159024,1.072053
181,0,0.3651155,1.02043
182,0,0.463377,0.9797283
183,0,0.6456088,0.8705028
184,0,0.8030303,0.7278243
185,0,1.02043,0.3651155
186,0,1.051304,0.2633378
187,0,1.15,0.0866025
188,0,1.350052,0.08657233
189,0,3.326795,1.3
190,0,1.117549,0.3390048
191,0,2.,0.1731601
192,0,3.413398,1.55
193,0,3.326795,1.4
194,0,2.55,1.913398
195,0,2.6,0.1732
196,0,3.1,0.1732042
197,0,3.326795,0.2
198,0,3.35,0.08660245
199,0,2.9,0.1732032
200,0,3.326795,0.7
201,0,2.75,1.913398
202,0,2.85,1.913398
203,0,2.95,1.913398
204,0,3.326795,1.7
205,0,3.2,1.826795
206,0,3.3,1.826795
207,0,3.326795,1.2
208,0,2.1,0.1731719
209,0,2.,1.826807
210,0,1.7,1.826849
211,0,1.5,1.826865
212,0,1.2,1.826888
213,0,0.7,1.826897
214,0,0.08653837,1.549889
215,0,0.1731976,1.7
216,0,0.3,1.82681
217,0,0.07631396,1.831971
218,0,0.6,1.826867
219,0,0.1728822,1.4
220,0,0.1728061,1.3
221,0,2.5,0.1731969
222,0,1.9,1.826825
223,0,1.078801,0.4468541
224,0,1.6,0.173041
225,0,1.5,0.1729894
226,0,1.7,0.1730926
227,0,2.3,0.1731872
228,0,2.4,1.826795
229,0,2.65,1.913398
230,0,3.326795,0.6
231,0,3.413398,0.4500001
232,0,3.2,0.1732046
233,0,3.326795,0.3
234,0,3.,0.1732037
235,0,2.7,0.1732013
236,0,2.8,0.1732024
237,0,3.326795,0.8
238,0,3.326795,0.9
239,0,3.326795,1.
240,0,3.05,1.913398
241,0,3.413398,1.85
242,0,2.4,0.1731921
243,0,3.326795,1.1
244,0,2.3,1.826796
245,0,2.2,1.826796
246,0,2.2,0.1731805
247,0,2.1,1.826797
248,0,1.9,0.1731451
249,0,1.8,0.173128
250,0,1.8,1.826838
251,0,1.029769,0.5504232
252,0,1.6,1.826858
253,0,0.9708398,0.6486945
254,0,1.4,1.826873
255,0,0.8256142,0.8256142
256,0,1.1,1.826896
257,0,1.,1.826903
258,0,0.9,1.826911
259,0,0.8,1.826915
260,0,0.5,1.826845
261,0,0.199197,1.821098
262,0,0.4,1.826828
263,0,0.338981,1.117471
264,0,0.1829139,1.180169
265,0,0.5504163,1.029756
266,0,0.4468587,1.078812
267,0,0.7407113,0.9025594
268,0,0.6486797,0.9708179
269,0,0.9025726,0.7407222
270,0,1.3,1.82688
271,0,1.073686,0.1634954
272,0,1.25,0.0866025
273,0,1.2,0.172857
274,0,1.147375,0.2384941
275,0,3.326795,1.5
276,0,2.95,0.2598036
277,0,2.7,1.826795
278,0,3.326795,1.6
279,0,3.240193,0.95
280,0,1.649956,0.2593805
281,0,0.5500185,1.74041
282,0,1.178618,0.4218304
283,0,3.240193,1.25
284,0,3.240193,0.65
285,0,3.326795,0.5000002
286,0,3.242842,0.2606665
287,0,3.15,0.2598061
288,0,3.240193,0.7499999
289,0,3.240192,1.35
290,0,2.349996,0.2597709
291,0,1.949985,1.740244
292,0,1.749969,0.2594942
293,0,1.131479,0.5351838
294,0,1.549994,1.7404
295,0,1.073512,0.6434583
296,0,1.049993,1.740502
297,0,0.1729834,1.499813
298,0,0.2633891,1.247299
299,0,0.2449353,1.148663
300,0,0.4217424,1.178572
301,0,0.5351651,1.131395
302,0,0.745495,1.00518
303,0,2.04999,0.2597283
304,0,2.8,1.826795
305,0,2.5,1.826795
306,0,2.9,1.826795
307,0,3.239333,1.742842
308,0,3.1,1.826795
309,0,1.649992,1.740375
310,0,0.1731477,1.599954
311,0,0.2589193,1.349934
312,0,3.240193,0.85
313,0,1.549955,0.2592584
314,0,1.400161,0.1729731
315,0,2.25,1.740199
316,0,2.6,1.826795
317,0,3.326795,0.3999999
318,0,3.049999,0.259805
319,0,2.849999,0.259802
320,0,2.749999,0.2598002
321,0,2.649999,0.2597981
322,0,2.549997,0.2597923
323,0,3.,1.826795
324,0,2.449996,0.259782
325,0,3.240193,1.15
326,0,3.240193,1.05
327,0,2.35,1.740196
328,0,2.149992,0.2597449
329,0,2.249994,0.2597588
330,0,2.049991,1.740212
331,0,2.149999,1.740203
332,0,1.949987,0.2596768
333,0,1.849985,0.2595906
334,0,1.849989,1.740293
335,0,1.749991,1.740339
336,0,1.449993,1.740424
337,0,0.9272768,0.8404468
338,0,1.149993,1.740487
339,0,0.6434084,1.073412
340,0,0.7500153,1.740531
341,0,0.4500153,1.74034
342,0,0.2626702,1.739946
343,0,0.3500153,1.740273
344,0,0.6500262,1.740486
345,0,0.8404205,0.9272661
346,0,0.9499934,1.740517
347,0,0.8499966,1.74053
348,0,1.005235,0.7455437
349,0,1.349993,1.740446
350,0,1.249993,1.740468
351,0,1.300052,0.1728846
352,0,1.799894,0.345888
353,0,1.215752,0.3213798
354,0,1.399974,1.654064
355,0,0.3295628,1.216828
356,0,0.5112901,1.233928
357,0,0.9999803,1.654218
358,0,1.069964,0.06486785
359,0,2.85,1.740193
360,0,3.153591,1.2
361,0,1.599971,1.653964
362,0,3.153592,0.6999999
363,0,1.699864,0.34574
364,0,3.099999,0.3464064
365,0,3.195618,0.3468341
366,0,0.2594279,1.549742
367,0,0.3066663,1.653608
368,0,0.4000739,1.653872
369,0,1.499973,1.654019
370,0,0.6296254,1.177708
371,0,1.09998,1.654189
372,0,3.240193,1.45
373,0,3.05,1.740193
374,0,3.153591,1.1
375,0,2.449997,1.740195
376,0,3.240193,0.5500004
377,0,2.799998,0.3463966
378,0,3.240192,1.55
379,0,3.15359,1.3
380,0,1.234048,0.5113599
381,0,1.177883,0.6296817
382,0,0.500077,1.65401
383,0,0.741904,1.110294
384,0,2.099988,1.653631
385,0,1.999944,0.3461342
386,0,2.75,1.740193
387,0,3.24258,1.646824
388,0,3.145622,1.744135
389,0,1.79995,1.653814
390,0,0.2591723,1.449587
391,0,0.3469588,1.302354
392,0,2.699997,0.3463916
393,0,1.59985,0.3455453
394,0,1.350031,0.2590343
395,0,1.450229,0.2592346
396,0,2.499988,0.3463737
397,0,2.65,1.740193
398,0,3.240193,0.45
399,0,2.999998,0.3464046
400,0,2.899998,0.3464012
401,0,3.153592,0.7999998
402,0,3.153592,0.8999999
403,0,2.599993,0.3463847
404,0,3.153591,0.9999999
405,0,2.95,1.740193
406,0,2.399986,0.3463601
407,0,2.55,1.740193
408,0,2.299997,1.653604
409,0,2.299984,0.3463255
410,0,2.199981,0.3462695
411,0,1.99996,1.653661
412,0,2.099977,0.3462113
413,0,2.199996,1.653614
414,0,1.899912,0.3460223
415,0,1.899944,1.653727
416,0,1.699961,1.653894
417,0,1.299974,1.654108
418,0,0.8471394,1.032234
419,0,0.8999834,1.654238
420,0,0.7000598,1.654218
421,0,0.6000879,1.65413
422,0,0.9442517,0.9442852
423,0,0.8000053,1.654251
424,0,1.110432,0.7420262
425,0,1.0323,0.8472468
426,0,1.199977,1.65415
427,0,0.439608,1.281912
428,0,1.250002,0.2589081
429,0,0.8499832,1.568058
430,0,2.449975,0.432938
431,0,1.749886,1.567407
432,0,3.142914,0.4329931
433,0,3.15359,1.4
434,0,1.399958,0.3451595
435,0,1.749752,0.4321183
436,0,0.4501944,1.567661
437,0,1.949895,1.56718
438,0,3.117066,1.644994
439,0,3.15359,1.5
440,0,0.3576236,1.566661
441,0,3.066992,0.7499998
442,0,2.549981,0.4329665
443,0,2.749993,0.432987
444,0,3.066991,0.8499998
445,0,2.7,1.653593
446,0,1.283345,0.607251
447,0,0.7297872,1.21732
448,0,1.249939,1.567876
449,0,1.549924,1.567621
450,0,0.8454616,1.139939
451,0,3.,1.65359
452,0,1.278339,0.4114164
453,0,0.953105,1.051651
454,0,2.599999,1.653595
455,0,3.153592,0.600001
456,0,2.8,1.653591
457,0,1.14009,0.8456684
458,0,0.6071796,1.283113
459,0,0.9499645,1.568046
460,0,1.849787,0.4323308
461,0,0.344439,1.40063
462,0,3.06699,1.05
463,0,1.649689,0.4318469
464,0,1.500192,0.3454509
465,0,3.066989,1.25
466,0,3.049997,0.4330052
467,0,2.949995,0.4330004
468,0,2.849994,0.4329943
469,0,3.066991,0.9499996
470,0,2.649989,0.4329783
471,0,3.06699,1.15
472,0,2.9,1.65359
473,0,2.349955,0.4328845
474,0,2.499998,1.653597
475,0,2.39999,1.6536
476,0,2.249988,1.567032
477,0,2.249934,0.4328098
478,0,2.149929,0.4327233
479,0,2.049947,1.567098
480,0,2.049894,0.4326262
481,0,2.149978,1.567054
482,0,1.949831,0.432496
483,0,1.849872,1.56729
484,0,1.649905,1.567516
485,0,1.049955,1.568004
486,0,0.7500611,1.568032
487,0,0.6501499,1.567956
488,0,0.5501853,1.567836
489,0,1.051638,0.9532577
490,0,1.217571,0.7299316
491,0,1.449935,1.567722
492,0,1.349936,1.567806
493,0,1.149945,1.567943
494,0,1.30062,0.3452118
495,0,0.4048397,1.480979
496,0,3.165116,0.5134021
497,0,1.449825,0.4313123
498,0,0.7089846,1.325693
499,0,1.499842,1.481366
500,0,0.8352275,1.249789
501,0,3.052191,1.562922
502,0,2.999992,0.5196005
503,0,3.066988,1.45
504,0,1.699802,1.481052
505,0,1.334749,0.5081165
506,0,2.980393,0.8999994
507,0,2.95,1.566989
508,0,2.599975,0.519555
509,0,2.549997,1.567004
510,0,1.799586,0.518561
511,0,2.399919,0.5194681
512,0,1.899788,1.480747
513,0,0.8000445,1.481967
514,0,1.162041,0.9538689
515,0,0.9999237,1.481913
516,0,0.5216244,1.331918
517,0,0.9535752,1.161989
518,0,1.599824,1.481211
519,0,3.167948,1.579931
520,0,0.3343363,1.486324
521,0,2.980394,0.7999996
522,0,2.499954,0.5195297
523,0,2.98039,1.199999
524,0,1.250054,0.8354805
525,0,1.199884,1.481747
526,0,3.066992,0.6500021
527,0,2.649998,1.566997
528,0,0.7001714,1.4819
529,0,0.8999631,1.481966
530,0,0.421672,1.364796
531,0,2.980392,0.9999992
532,0,1.699487,0.5182399
533,0,1.550041,0.4316988
534,0,3.066989,1.349999
535,0,2.749998,1.566993
536,0,2.899989,0.5195918
537,0,2.799987,0.519582
538,0,2.699984,0.5195701
539,0,2.849999,1.56699
540,0,2.29988,0.5193681
541,0,2.980391,1.099999
542,0,2.349974,1.567016
543,0,2.449991,1.567011
544,0,2.099924,1.480539
545,0,2.199857,0.5192516
546,0,2.099827,0.519124
547,0,1.99985,1.480623
548,0,1.99975,0.5189745
549,0,2.199964,1.480486
550,0,1.899666,0.518791
551,0,1.799778,1.480896
552,0,1.099898,1.481836
553,0,0.6002706,1.481779
554,0,0.5003408,1.481609
555,0,1.062882,1.063051
556,0,1.326036,0.7091112
557,0,1.399864,1.481511
558,0,1.299878,1.481639
559,0,3.078979,0.5319054
560,0,0.5153866,1.402543
561,0,1.380658,0.4165322
562,0,2.985687,1.486816
563,0,1.549699,1.395006
564,0,1.175933,1.066105
565,0,1.649676,1.394789
566,0,1.065755,1.176075
567,0,2.893795,1.049998
568,0,2.699994,1.480401
569,0,1.149814,1.395722
570,0,0.6250038,1.38349
571,0,0.9498981,1.395935
572,0,2.84998,0.6061789
573,0,2.899998,1.48039
574,0,2.980388,1.299997
575,0,2.349813,0.6059412
576,0,2.149732,0.6056455
577,0,0.9454731,1.274729
578,0,1.749259,0.6046899
579,0,1.499601,0.5175452
580,0,0.8162868,1.361223
581,0,1.274887,0.9458519
582,0,2.893798,0.8499988
583,0,2.549942,0.6061133
584,0,2.893797,0.9499983
585,0,2.499988,1.480421
586,0,1.361605,0.8165258
587,0,1.449729,1.395213
588,0,2.980393,0.7000034
589,0,2.599992,1.480409
590,0,0.7501658,1.395963
591,0,1.599813,0.5180103
592,0,2.980387,1.399999
593,0,2.799997,1.480395
594,0,2.949983,0.6061916
595,0,2.749975,0.6061638
596,0,2.649966,0.606146
597,0,2.149898,1.39398
598,0,2.893793,1.149998
599,0,2.399978,1.480435
600,0,2.049659,0.6054742
601,0,2.249768,0.6058003
602,0,2.049815,1.394075
603,0,1.949712,1.394212
604,0,1.94955,0.605275
605,0,2.449883,0.6060488
606,0,2.29994,1.480449
607,0,1.849428,0.6050354
608,0,1.749655,1.394581
609,0,1.849655,1.394386
610,0,1.049845,1.395839
611,0,1.34976,1.395405
612,0,1.384526,0.611095
613,0,1.249788,1.395578
614,0,1.333214,0.8912411
615,0,1.133578,1.133854
616,0,1.599501,1.308621
617,0,1.399579,1.309158
618,0,2.199616,0.6922037
619,0,1.099728,1.309798
620,0,1.549308,0.6038659
621,0,2.449971,1.39386
622,0,1.239333,1.01745
623,0,2.891392,0.6862894
624,0,1.420098,0.5292981
625,0,2.649986,1.393817
626,0,2.099774,1.307524
627,0,2.807206,0.8999974
628,0,2.849993,1.393795
629,0,1.017021,1.239316
630,0,0.8908749,1.332894
631,0,1.499535,1.308897
632,0,2.499857,0.6926354
633,0,2.807205,0.9999965
634,0,2.399755,0.6925325
635,0,2.807202,1.099996
636,0,1.427195,0.7199653
637,0,2.549979,1.393837
638,0,1.64953,0.6044108
639,0,2.74999,1.393803
640,0,2.799964,0.692758
641,0,2.699955,0.692732
642,0,2.599926,0.6926972
643,0,2.893791,1.249994
644,0,2.099548,0.6920042
645,0,2.299669,0.6923837
646,0,1.999645,1.307683
647,0,1.899282,0.6915181
648,0,1.999433,0.6917782
649,0,2.249873,1.393903
650,0,2.349946,1.393885
651,0,1.799486,1.308109
652,0,1.699485,1.308354
653,0,1.799046,0.6911846
654,0,1.899533,1.307882
655,0,1.299625,1.309399
656,0,1.199678,1.309616
657,0,1.465503,0.8165429
658,0,2.720621,0.9499962
659,0,1.001557,1.324815
660,0,2.799985,1.307207
661,0,1.54928,1.222551
662,0,2.399938,1.307317
663,0,2.88075,0.7732627
664,0,2.749937,0.7793236
665,0,2.049572,1.221128
666,0,1.427728,0.8844033
667,0,1.249465,1.223495
668,0,1.449333,1.222888
669,0,1.259894,1.109876
670,0,1.349394,1.223205
671,0,2.449717,0.7791204
672,0,1.155493,1.224808
673,0,1.848877,0.7776797
674,0,1.598951,0.690285
675,0,1.348384,1.000542
676,0,1.461147,0.6060709
677,0,2.807198,1.199989
678,0,2.906547,1.330197
679,0,2.720618,1.049994
680,0,2.349583,0.778975
681,0,2.599965,1.30725
682,0,2.499955,1.307282
683,0,2.699976,1.307224
684,0,2.64991,0.7792802
685,0,2.549838,0.779219
686,0,2.14941,0.7785718
687,0,2.249487,0.7787909
688,0,1.849313,1.221621
689,0,2.049295,0.7783197
690,0,1.949133,0.7780367
691,0,2.299894,1.30735
692,0,2.199749,1.307386
693,0,1.649263,1.222218
694,0,1.749274,1.22191
695,0,1.699258,0.6908938
696,0,1.949418,1.221355
697,0,1.499454,0.6899726
698,0,1.499015,1.136572
699,0,1.521765,0.8923059
700,0,1.371529,1.111265
701,0,1.898697,0.8642066
702,0,2.649949,1.220659
703,0,2.699886,0.8658736
704,0,2.399524,0.8655743
705,0,1.648581,0.7767677
706,0,2.299376,0.8653874
707,0,2.634043,0.9999919
708,0,1.45905,0.9909749
709,0,2.720611,1.149981
710,0,2.449916,1.220742
711,0,2.549932,1.220697
712,0,2.733581,1.234208
713,0,2.599821,0.865808
714,0,2.499692,0.8657132
715,0,2.099134,0.8648885
716,0,2.349887,1.220791
717,0,2.199259,0.8651604
718,0,1.99897,0.8645738
719,0,1.999299,1.134799
720,0,2.149545,1.220912
721,0,2.249791,1.220844
722,0,1.598984,1.136169
723,0,1.699002,1.135788
724,0,1.799044,1.135429
725,0,1.749039,0.7774038
726,0,1.899136,1.135096
727,0,1.557253,0.7758861
728,0,2.399859,1.134221
729,0,1.563045,0.9878091
730,0,2.499886,1.13416
731,0,2.541365,0.953302
732,0,1.948517,0.9507703
733,0,2.199609,1.134375
734,0,1.648665,1.049754
735,0,1.698264,0.8632988
736,0,2.624053,1.124107
737,0,1.468444,1.070617
738,0,2.449488,0.9521815
739,0,2.148962,0.9514905
740,0,2.349289,0.952
741,0,2.299793,1.134292
742,0,2.048781,0.9511594
743,0,2.099257,1.134499
744,0,2.249121,0.9517677
745,0,1.748714,1.049321
746,0,1.848803,1.048917
747,0,1.798841,0.8639279
748,0,1.948961,1.048543
749,0,1.611972,0.8608302
750,0,2.44982,1.047642
751,0,2.149326,1.047956
752,0,2.299004,1.038393
753,0,1.572414,1.060211
754,0,1.79841,0.9628132
755,0,2.548872,1.048979
756,0,2.05399,1.05491
757,0,1.698316,0.9632962
758,0,1.868091,0.950279
759,0,2.219218,1.035913
760,0,2.379457,1.035628



elem
1,0,1,273,187,272
2,0,1,358,187,271
3,0,1,188,15,111
4,0,1,185,104,105
5,0,1,135,46,47
6,0,1,193,118,117
7,0,1,112,111,16
8,0,1,110,80,81
9,0,1,217,172,89
10,0,1,274,271,273
11,0,1,111,15,16
12,0,1,113,112,17
13,0,1,113,18,109
14,0,1,150,20,21
15,0,1,147,22,23
16,0,1,191,150,115
17,0,1,143,64,65
18,0,1,138,51,52
19,0,1,192,50,51
20,0,1,275,117,192
21,0,1,194,64,143
22,0,1,121,28,29
23,0,1,122,29,30
24,0,1,235,120,121
25,0,1,120,119,27
26,0,1,122,121,29
27,0,1,131,41,42
28,0,1,232,125,126
29,0,1,126,125,33
30,0,1,197,127,128
31,0,1,198,127,197
32,0,1,127,35,36
33,0,1,35,2,36
34,0,1,128,38,124
35,0,1,123,122,30
36,0,1,234,123,129
37,0,1,318,234,196
38,0,1,132,131,42
39,0,1,133,132,43
40,0,1,134,45,108
41,0,1,136,48,118
42,0,1,229,63,194
43,0,1,316,229,194
44,0,1,203,60,202
45,0,1,118,49,117
46,0,1,278,138,204
47,0,1,241,206,140
48,0,1,139,57,137
49,0,1,205,139,137
50,0,1,141,56,139
51,0,1,206,139,205
52,0,1,55,54,3
53,0,1,279,238,239
54,0,1,119,26,27
55,0,1,146,66,67
56,0,1,147,23,116
57,0,1,148,67,68
58,0,1,145,143,65
59,0,1,114,109,19
60,0,1,246,147,116
61,0,1,148,146,67
62,0,1,115,21,22
63,0,1,149,148,68
64,0,1,250,153,210
65,0,1,151,149,69
66,0,1,154,10,107
67,0,1,153,152,71
68,0,1,156,155,73
69,0,1,154,103,10
70,0,1,280,224,226
71,0,1,159,158,75
72,0,1,254,158,159
73,0,1,270,254,159
74,0,1,162,160,77
75,0,1,163,162,78
76,0,1,164,80,110
77,0,1,183,101,8
78,0,1,167,82,83
79,0,1,167,166,82
80,0,1,266,182,265
81,0,1,341,260,262
82,0,1,215,170,169
83,0,1,170,91,169
84,0,1,261,216,171
85,0,1,217,89,90
86,0,1,88,4,89
87,0,1,172,87,88
88,0,1,168,167,83
89,0,1,260,168,174
90,0,1,220,176,178
91,0,1,178,95,96
92,0,1,220,219,176
93,0,1,176,175,94
94,0,1,179,178,96
95,0,1,97,5,98
96,0,1,180,179,98
97,0,1,182,100,7
98,0,1,182,7,165
99,0,1,184,102,9
100,0,1,157,9,103
101,0,1,152,151,70
102,0,1,186,185,105
103,0,1,351,272,188
104,0,1,358,1,12
105,0,1,107,10,104
106,0,1,109,18,19
107,0,1,239,134,108
108,0,1,108,45,46
109,0,1,114,19,20
110,0,1,210,153,155
111,0,1,166,81,82
112,0,1,183,8,161
113,0,1,190,185,186
114,0,1,112,16,17
115,0,1,249,109,114
116,0,1,224,112,113
117,0,1,113,17,18
118,0,1,561,494,434
119,0,1,116,23,24
120,0,1,146,145,66
121,0,1,144,24,25
122,0,1,242,142,221
123,0,1,142,26,119
124,0,1,244,228,145
125,0,1,117,49,50
126,0,1,202,61,201
127,0,1,194,63,64
128,0,1,118,48,49
129,0,1,120,27,28
130,0,1,325,243,207
131,0,1,121,120,28
132,0,1,284,230,200
133,0,1,123,30,31
134,0,1,131,130,41
135,0,1,129,31,32
136,0,1,285,130,230
137,0,1,125,32,33
138,0,1,130,40,41
139,0,1,124,38,39
140,0,1,231,39,40
141,0,1,129,32,125
142,0,1,126,33,34
143,0,1,198,35,127
144,0,1,233,197,128
145,0,1,127,36,37
146,0,1,128,127,37
147,0,1,128,37,38
148,0,1,286,197,233
149,0,1,286,232,197
150,0,1,129,123,31
151,0,1,132,42,43
152,0,1,230,131,200
153,0,1,236,122,199
154,0,1,199,122,123
155,0,1,133,43,44
156,0,1,312,238,279
157,0,1,134,133,44
158,0,1,243,108,135
159,0,1,134,44,45
160,0,1,243,135,207
161,0,1,135,108,46
162,0,1,136,135,47
163,0,1,136,47,48
164,0,1,289,283,189
165,0,1,137,57,58
166,0,1,240,58,59
167,0,1,192,51,138
168,0,1,140,52,53
169,0,1,241,141,206
170,0,1,139,56,57
171,0,1,140,138,52
172,0,1,241,54,141
173,0,1,141,54,55
174,0,1,141,55,56
175,0,1,221,142,119
176,0,1,142,25,26
177,0,1,207,135,136
178,0,1,145,65,66
179,0,1,144,116,24
180,0,1,144,25,142
181,0,1,149,68,69
182,0,1,247,148,149
183,0,1,151,69,70
184,0,1,247,149,209
185,0,1,147,115,22
186,0,1,227,116,144
187,0,1,152,70,71
188,0,1,324,242,221
189,0,1,153,71,72
190,0,1,248,150,191
191,0,1,150,114,20
192,0,1,150,21,115
193,0,1,155,72,73
194,0,1,248,114,150
195,0,1,156,73,74
196,0,1,416,389,335
197,0,1,158,74,75
198,0,1,333,249,248
199,0,1,157,103,154
200,0,1,223,107,185
201,0,1,155,153,72
202,0,1,159,75,76
203,0,1,160,76,77
204,0,1,211,156,158
205,0,1,184,9,157
206,0,1,353,190,274
207,0,1,158,156,74
208,0,1,162,77,78
209,0,1,160,159,76
210,0,1,417,349,350
211,0,1,183,165,101
212,0,1,293,251,223
213,0,1,161,8,102
214,0,1,184,161,102
215,0,1,163,78,79
216,0,1,257,163,164
217,0,1,164,163,79
218,0,1,337,255,269
219,0,1,164,79,80
220,0,1,258,257,164
221,0,1,259,166,213
222,0,1,165,7,101
223,0,1,166,110,81
224,0,1,168,83,84
225,0,1,174,84,85
226,0,1,262,174,173
227,0,1,173,86,171
228,0,1,175,93,94
229,0,1,169,91,92
230,0,1,214,92,93
231,0,1,172,171,87
232,0,1,170,90,91
233,0,1,173,85,86
234,0,1,171,86,87
235,0,1,172,88,89
236,0,1,261,217,170
237,0,1,297,175,219
238,0,1,261,171,172
239,0,1,174,168,84
240,0,1,174,85,173
241,0,1,176,94,95
242,0,1,299,298,264
243,0,1,179,97,98
244,0,1,177,6,99
245,0,1,181,99,100
246,0,1,181,177,99
247,0,1,178,176,95
248,0,1,179,96,97
249,0,1,180,98,6
250,0,1,264,179,180
251,0,1,180,6,177
252,0,1,299,264,180
253,0,1,182,181,100
254,0,1,427,300,356
255,0,1,267,183,161
256,0,1,370,301,339
257,0,1,267,161,255
258,0,1,419,346,347
259,0,1,251,154,107
260,0,1,212,160,162
261,0,1,185,107,104
262,0,1,186,105,11
263,0,1,358,271,106
264,0,1,272,14,188
265,0,1,187,12,13
266,0,1,272,13,14
267,0,1,188,14,15
268,0,1,225,111,112
269,0,1,207,136,189
270,0,1,189,136,118
271,0,1,225,112,224
272,0,1,223,185,190
273,0,1,208,115,147
274,0,1,328,208,246
275,0,1,192,117,50
276,0,1,278,192,138
277,0,1,304,201,277
278,0,1,193,189,118
279,0,1,229,62,63
280,0,1,305,143,228
281,0,1,221,119,195
282,0,1,195,119,120
283,0,1,234,129,196
284,0,1,196,129,125
285,0,1,198,197,126
286,0,1,233,128,124
287,0,1,198,126,34
288,0,1,198,34,35
289,0,1,200,131,132
290,0,1,236,121,122
291,0,1,237,132,133
292,0,1,238,133,134
293,0,1,359,306,304
294,0,1,201,61,62
295,0,1,203,59,60
296,0,1,202,60,61
297,0,1,306,203,202
298,0,1,240,59,203
299,0,1,204,138,140
300,0,1,307,206,205
301,0,1,308,137,240
302,0,1,304,202,201
303,0,1,206,204,140
304,0,1,206,141,139
305,0,1,379,283,289
306,0,1,238,237,133
307,0,1,245,146,148
308,0,1,208,191,115
309,0,1,209,149,151
310,0,1,222,151,152
311,0,1,252,155,156
312,0,1,369,361,294
313,0,1,270,160,212
314,0,1,253,157,154
315,0,1,256,162,163
316,0,1,269,184,157
317,0,1,213,166,167
318,0,1,218,167,168
319,0,1,214,169,92
320,0,1,214,93,175
321,0,1,260,218,168
322,0,1,310,169,214
323,0,1,262,173,216
324,0,1,216,173,171
325,0,1,217,90,170
326,0,1,261,170,215
327,0,1,311,219,220
328,0,1,218,213,167
329,0,1,219,175,176
330,0,1,298,220,264
331,0,1,264,178,179
332,0,1,263,177,181
333,0,1,242,144,142
334,0,1,362,284,288
335,0,1,222,209,151
336,0,1,250,222,152
337,0,1,251,107,223
338,0,1,313,224,280
339,0,1,226,113,109
340,0,1,226,224,113
341,0,1,428,353,274
342,0,1,314,111,225
343,0,1,249,114,248
344,0,1,363,292,352
345,0,1,330,247,209
346,0,1,246,116,227
347,0,1,228,143,145
348,0,1,244,145,146
349,0,1,229,201,62
350,0,1,305,194,143
351,0,1,364,318,287
352,0,1,230,130,131
353,0,1,231,124,39
354,0,1,231,40,130
355,0,1,232,196,125
356,0,1,232,126,197
357,0,1,317,124,231
358,0,1,317,231,285
359,0,1,234,199,123
360,0,1,365,364,287
361,0,1,235,195,120
362,0,1,236,235,121
363,0,1,319,199,276
364,0,1,319,236,199
365,0,1,320,236,319
366,0,1,237,200,132
367,0,1,239,238,134
368,0,1,321,235,320
369,0,1,243,239,108
370,0,1,326,239,243
371,0,1,240,137,58
372,0,1,323,203,306
373,0,1,241,140,53
374,0,1,241,53,54
375,0,1,242,227,144
376,0,1,322,195,321
377,0,1,283,207,189
378,0,1,325,207,283
379,0,1,245,244,146
380,0,1,331,245,247
381,0,1,247,245,148
382,0,1,329,246,227
383,0,1,246,208,147
384,0,1,329,227,290
385,0,1,331,247,330
386,0,1,330,209,291
387,0,1,303,191,208
388,0,1,332,191,303
389,0,1,335,210,309
390,0,1,249,226,109
391,0,1,250,152,153
392,0,1,309,252,294
393,0,1,349,254,270
394,0,1,253,154,251
395,0,1,252,210,155
396,0,1,252,156,211
397,0,1,269,255,184
398,0,1,269,157,253
399,0,1,254,211,158
400,0,1,348,269,253
401,0,1,338,256,296
402,0,1,255,161,184
403,0,1,256,212,162
404,0,1,257,256,163
405,0,1,258,164,110
406,0,1,268,183,267
407,0,1,259,258,110
408,0,1,339,268,302
409,0,1,259,110,166
410,0,1,344,340,213
411,0,1,262,260,174
412,0,1,366,310,297
413,0,1,261,172,217
414,0,1,342,261,215
415,0,1,367,310,366
416,0,1,368,343,367
417,0,1,266,181,182
418,0,1,265,182,165
419,0,1,264,220,178
420,0,1,299,180,177
421,0,1,268,165,183
422,0,1,344,218,281
423,0,1,301,300,266
424,0,1,266,263,181
425,0,1,369,336,354
426,0,1,347,259,340
427,0,1,486,423,420
428,0,1,268,265,165
429,0,1,295,253,251
430,0,1,338,212,256
431,0,1,270,159,160
432,0,1,371,296,357
433,0,1,271,186,11
434,0,1,271,11,106
435,0,1,272,187,13
436,0,1,314,188,111
437,0,1,394,351,314
438,0,1,273,271,187
439,0,1,274,190,186
440,0,1,274,186,271
441,0,1,275,193,117
442,0,1,278,275,192
443,0,1,276,199,234
444,0,1,288,284,200
445,0,1,372,193,275
446,0,1,277,201,229
447,0,1,307,204,206
448,0,1,373,308,323
449,0,1,481,413,384
450,0,1,320,235,236
451,0,1,292,226,249
452,0,1,484,416,361
453,0,1,281,218,260
454,0,1,427,391,355
455,0,1,293,223,282
456,0,1,282,223,190
457,0,1,289,189,193
458,0,1,375,228,327
459,0,1,432,365,398
460,0,1,288,200,237
461,0,1,285,231,130
462,0,1,376,230,284
463,0,1,287,232,286
464,0,1,365,233,317
465,0,1,318,196,287
466,0,1,287,196,232
467,0,1,312,288,237
468,0,1,399,276,318
469,0,1,378,372,275
470,0,1,433,289,372
471,0,1,327,244,315
472,0,1,290,227,242
473,0,1,291,209,222
474,0,1,334,222,250
475,0,1,292,280,226
476,0,1,332,248,191
477,0,1,295,251,293
478,0,1,434,394,395
479,0,1,294,252,211
480,0,1,336,211,254
481,0,1,348,253,295
482,0,1,482,414,385
483,0,1,296,256,257
484,0,1,346,257,258
485,0,1,310,214,297
486,0,1,297,214,175
487,0,1,311,220,298
488,0,1,300,263,266
489,0,1,299,177,263
490,0,1,355,299,263
491,0,1,301,266,265
492,0,1,520,495,440
493,0,1,339,265,268
494,0,1,383,370,339
495,0,1,302,268,267
496,0,1,345,267,255
497,0,1,483,415,389
498,0,1,412,303,328
499,0,1,306,202,304
500,0,1,386,304,277
501,0,1,316,194,305
502,0,1,327,228,244
503,0,1,438,388,373
504,0,1,323,308,240
505,0,1,387,204,307
506,0,1,388,205,308
507,0,1,308,205,137
508,0,1,451,438,373
509,0,1,361,309,294
510,0,1,309,210,252
511,0,1,440,367,366
512,0,1,310,215,169
513,0,1,390,219,311
514,0,1,391,298,355
515,0,1,312,237,238
516,0,1,441,362,401
517,0,1,313,225,224
518,0,1,363,280,292
519,0,1,494,428,394
520,0,1,395,225,313
521,0,1,392,321,320
522,0,1,315,244,245
523,0,1,407,305,375
524,0,1,316,277,229
525,0,1,317,233,124
526,0,1,496,398,376
527,0,1,400,276,399
528,0,1,318,276,234
529,0,1,399,318,364
530,0,1,400,319,276
531,0,1,470,403,392
532,0,1,321,195,235
533,0,1,467,400,399
534,0,1,322,221,195
535,0,1,374,326,325
536,0,1,324,221,322
537,0,1,323,240,203
538,0,1,405,306,359
539,0,1,469,402,404
540,0,1,324,290,242
541,0,1,326,243,325
542,0,1,445,386,397
543,0,1,403,321,392
544,0,1,326,279,239
545,0,1,375,305,228
546,0,1,413,315,331
547,0,1,328,303,208
548,0,1,329,328,246
549,0,1,396,324,322
550,0,1,409,290,406
551,0,1,415,334,389
552,0,1,406,290,324
553,0,1,413,331,384
554,0,1,331,315,245
555,0,1,385,332,303
556,0,1,333,248,332
557,0,1,389,334,335
558,0,1,333,292,249
559,0,1,334,291,222
560,0,1,335,334,250
561,0,1,335,250,210
562,0,1,497,434,464
563,0,1,336,294,211
564,0,1,426,338,371
565,0,1,345,255,337
566,0,1,348,337,269
567,0,1,350,212,338
568,0,1,422,418,345
569,0,1,423,347,340
570,0,1,339,301,265
571,0,1,340,259,213
572,0,1,528,513,486
573,0,1,341,281,260
574,0,1,343,216,342
575,0,1,342,216,261
576,0,1,367,215,310
577,0,1,343,341,262
578,0,1,343,262,216
579,0,1,344,213,218
580,0,1,421,281,382
581,0,1,345,302,267
582,0,1,493,426,371
583,0,1,346,296,257
584,0,1,347,346,258
585,0,1,347,258,259
586,0,1,421,420,344
587,0,1,557,491,492
588,0,1,381,295,293
589,0,1,349,336,254
590,0,1,350,349,270
591,0,1,350,270,212
592,0,1,500,498,447
593,0,1,351,273,272
594,0,1,351,188,314
595,0,1,352,292,333
596,0,1,414,333,332
597,0,1,353,282,190
598,0,1,428,274,273
599,0,1,354,336,349
600,0,1,424,348,295
601,0,1,355,298,299
602,0,1,355,263,300
603,0,1,520,461,495
604,0,1,356,300,301
605,0,1,418,383,302
606,0,1,357,296,346
607,0,1,358,106,1
608,0,1,358,12,187
609,0,1,397,277,316
610,0,1,501,438,451
611,0,1,374,325,360
612,0,1,360,325,283
613,0,1,415,291,334
614,0,1,416,309,361
615,0,1,401,288,312
616,0,1,402,312,279
617,0,1,452,282,353
618,0,1,393,280,363
619,0,1,365,287,286
620,0,1,559,466,432
621,0,1,365,286,233
622,0,1,398,285,376
623,0,1,390,366,297
624,0,1,560,530,516
625,0,1,367,343,342
626,0,1,367,342,215
627,0,1,382,341,368
628,0,1,368,341,343
629,0,1,369,294,336
630,0,1,425,348,424
631,0,1,370,356,301
632,0,1,383,339,302
633,0,1,453,450,418
634,0,1,371,338,296
635,0,1,372,289,193
636,0,1,378,275,278
637,0,1,405,373,323
638,0,1,472,359,456
639,0,1,404,326,374
640,0,1,474,407,375
641,0,1,407,316,305
642,0,1,408,327,315
643,0,1,376,285,230
644,0,1,455,284,362
645,0,1,392,320,377
646,0,1,377,320,319
647,0,1,387,378,278
648,0,1,438,387,388
649,0,1,519,501,439
650,0,1,379,360,283
651,0,1,381,293,380
652,0,1,380,293,282
653,0,1,518,504,484
654,0,1,424,295,381
655,0,1,458,370,447
656,0,1,382,281,341
657,0,1,418,302,345
658,0,1,459,419,429
659,0,1,384,331,330
660,0,1,411,330,291
661,0,1,414,332,385
662,0,1,410,329,409
663,0,1,386,359,304
664,0,1,397,386,277
665,0,1,387,278,204
666,0,1,388,387,307
667,0,1,388,307,205
668,0,1,388,308,373
669,0,1,561,505,452
670,0,1,480,412,478
671,0,1,390,297,219
672,0,1,461,311,391
673,0,1,391,311,298
674,0,1,427,355,300
675,0,1,506,444,469
676,0,1,403,322,321
677,0,1,393,313,280
678,0,1,463,363,435
679,0,1,395,314,225
680,0,1,395,394,314
681,0,1,464,313,393
682,0,1,464,395,313
683,0,1,444,441,401
684,0,1,406,324,396
685,0,1,407,397,316
686,0,1,562,501,507
687,0,1,398,365,317
688,0,1,398,317,285
689,0,1,466,364,432
690,0,1,559,432,496
691,0,1,502,467,466
692,0,1,400,377,319
693,0,1,401,362,288
694,0,1,402,401,312
695,0,1,404,402,279
696,0,1,462,404,374
697,0,1,403,396,322
698,0,1,537,468,536
699,0,1,404,279,326
700,0,1,509,454,474
701,0,1,405,323,306
702,0,1,456,386,445
703,0,1,473,406,430
704,0,1,409,329,290
705,0,1,475,375,327
706,0,1,454,445,397
707,0,1,475,327,408
708,0,1,479,384,411
709,0,1,473,409,406
710,0,1,410,328,329
711,0,1,477,409,473
712,0,1,412,328,410
713,0,1,437,411,415
714,0,1,411,384,330
715,0,1,614,524,586
716,0,1,412,385,303
717,0,1,413,408,315
718,0,1,522,430,442
719,0,1,414,352,333
720,0,1,551,483,431
721,0,1,415,411,291
722,0,1,483,389,431
723,0,1,416,335,309
724,0,1,449,361,369
725,0,1,417,354,349
726,0,1,426,417,350
727,0,1,422,345,337
728,0,1,459,357,419
729,0,1,419,357,346
730,0,1,487,486,420
731,0,1,420,340,344
732,0,1,528,486,487
733,0,1,421,344,281
734,0,1,488,382,436
735,0,1,425,337,348
736,0,1,613,525,569
737,0,1,423,419,347
738,0,1,423,340,420
739,0,1,565,518,563
740,0,1,491,449,369
741,0,1,492,417,448
742,0,1,425,422,337
743,0,1,426,350,338
744,0,1,529,515,459
745,0,1,560,554,495
746,0,1,516,356,458
747,0,1,428,273,351
748,0,1,428,351,394
749,0,1,615,555,564
750,0,1,429,419,423
751,0,1,430,406,396
752,0,1,442,396,403
753,0,1,518,449,499
754,0,1,431,389,416
755,0,1,432,364,365
756,0,1,559,502,466
757,0,1,433,379,289
758,0,1,439,372,378
759,0,1,533,464,393
760,0,1,624,561,497
761,0,1,435,363,352
762,0,1,460,352,414
763,0,1,436,382,368
764,0,1,440,436,368
765,0,1,478,410,477
766,0,1,479,411,437
767,0,1,519,387,438
768,0,1,451,373,405
769,0,1,439,433,372
770,0,1,519,439,378
771,0,1,440,368,367
772,0,1,520,366,390
773,0,1,470,392,443
774,0,1,444,401,402
775,0,1,442,430,396
776,0,1,443,392,377
777,0,1,468,377,400
778,0,1,521,444,506
779,0,1,465,360,379
780,0,1,598,541,523
781,0,1,568,535,527
782,0,1,454,397,407
783,0,1,490,381,446
784,0,1,446,381,380
785,0,1,447,370,383
786,0,1,450,383,418
787,0,1,489,425,457
788,0,1,448,417,426
789,0,1,631,563,587
790,0,1,491,369,354
791,0,1,450,447,383
792,0,1,453,418,422
793,0,1,472,405,359
794,0,1,456,359,386
795,0,1,452,380,282
796,0,1,494,452,353
797,0,1,489,422,425
798,0,1,655,611,613
799,0,1,474,454,407
800,0,1,589,509,585
801,0,1,455,376,284
802,0,1,526,362,441
803,0,1,527,454,509
804,0,1,507,501,451
805,0,1,457,425,424
806,0,1,490,424,381
807,0,1,570,553,560
808,0,1,458,356,370
809,0,1,485,357,459
810,0,1,580,529,513
811,0,1,460,435,352
812,0,1,477,410,409
813,0,1,461,390,311
814,0,1,530,391,427
815,0,1,531,469,462
816,0,1,471,374,360
817,0,1,463,393,363
818,0,1,532,435,510
819,0,1,464,434,395
820,0,1,533,393,463
821,0,1,534,379,433
822,0,1,527,445,454
823,0,1,467,399,466
824,0,1,466,399,364
825,0,1,536,467,502
826,0,1,468,400,467
827,0,1,594,536,502
828,0,1,468,443,377
829,0,1,469,444,402
830,0,1,469,404,462
831,0,1,470,442,403
832,0,1,537,443,468
833,0,1,471,462,374
834,0,1,471,360,465
835,0,1,472,451,405
836,0,1,593,539,535
837,0,1,522,511,430
838,0,1,511,473,430
839,0,1,475,474,375
840,0,1,574,465,534
841,0,1,542,408,476
842,0,1,542,475,408
843,0,1,476,408,413
844,0,1,645,601,575
845,0,1,540,477,473
846,0,1,478,412,410
847,0,1,545,477,540
848,0,1,480,385,412
849,0,1,481,384,479
850,0,1,512,437,483
851,0,1,601,545,540
852,0,1,482,385,480
853,0,1,547,479,437
854,0,1,481,476,413
855,0,1,545,478,477
856,0,1,482,460,414
857,0,1,483,437,415
858,0,1,504,431,484
859,0,1,484,431,416
860,0,1,484,361,449
861,0,1,659,629,619
862,0,1,485,371,357
863,0,1,486,429,423
864,0,1,487,420,421
865,0,1,488,487,421
866,0,1,553,528,487
867,0,1,488,421,382
868,0,1,554,436,495
869,0,1,555,489,514
870,0,1,489,453,422
871,0,1,490,457,424
872,0,1,727,697,674
873,0,1,492,491,354
874,0,1,558,448,525
875,0,1,492,354,417
876,0,1,552,525,493
877,0,1,493,448,426
878,0,1,493,371,485
879,0,1,494,353,428
880,0,1,494,394,434
881,0,1,530,495,461
882,0,1,495,436,440
883,0,1,496,432,398
884,0,1,496,376,455
885,0,1,620,579,591
886,0,1,579,497,533
887,0,1,498,458,447
888,0,1,500,447,450
889,0,1,524,514,457
890,0,1,499,449,491
891,0,1,517,450,453
892,0,1,529,429,513
893,0,1,503,439,501
894,0,1,507,451,472
895,0,1,559,526,502
896,0,1,521,441,444
897,0,1,534,433,503
898,0,1,503,433,439
899,0,1,548,480,546
900,0,1,551,431,504
901,0,1,505,446,380
902,0,1,505,380,452
903,0,1,541,471,523
904,0,1,538,470,443
905,0,1,539,472,456
906,0,1,535,445,527
907,0,1,522,442,508
908,0,1,508,442,470
909,0,1,543,474,475
910,0,1,658,627,633
911,0,1,510,435,460
912,0,1,550,460,482
913,0,1,549,481,544
914,0,1,540,473,511
915,0,1,547,437,512
916,0,1,551,512,483
917,0,1,513,429,486
918,0,1,590,513,528
919,0,1,514,489,457
920,0,1,524,457,490
921,0,1,552,485,515
922,0,1,515,485,459
923,0,1,516,427,356
924,0,1,570,528,553
925,0,1,517,500,450
926,0,1,555,453,489
927,0,1,518,484,449
928,0,1,622,514,581
929,0,1,519,378,387
930,0,1,519,438,501
931,0,1,520,440,366
932,0,1,520,390,461
933,0,1,623,594,588
934,0,1,584,582,506
935,0,1,596,538,595
936,0,1,584,531,567
937,0,1,599,543,542
938,0,1,523,471,465
939,0,1,556,490,446
940,0,1,676,624,579
941,0,1,611,587,557
942,0,1,525,448,493
943,0,1,526,455,362
944,0,1,588,441,521
945,0,1,535,456,445
946,0,1,585,509,543
947,0,1,553,487,488
948,0,1,590,580,513
949,0,1,529,459,429
950,0,1,580,571,529
951,0,1,530,461,391
952,0,1,530,427,516
953,0,1,531,506,469
954,0,1,541,531,462
955,0,1,624,497,579
956,0,1,532,463,435
957,0,1,533,497,464
958,0,1,591,463,532
959,0,1,534,465,379
960,0,1,562,503,501
961,0,1,593,535,568
962,0,1,539,456,535
963,0,1,536,468,467
964,0,1,594,526,588
965,0,1,595,537,572
966,0,1,538,443,537
967,0,1,595,538,537
968,0,1,538,508,470
969,0,1,592,574,534
970,0,1,539,507,472
971,0,1,546,478,545
972,0,1,741,716,721
973,0,1,541,462,471
974,0,1,625,568,589
975,0,1,606,542,476
976,0,1,549,476,481
977,0,1,543,509,474
978,0,1,543,475,542
979,0,1,544,481,479
980,0,1,600,546,576
981,0,1,546,480,478
982,0,1,601,540,575
983,0,1,609,512,551
984,0,1,548,482,480
985,0,1,547,544,479
986,0,1,602,597,544
987,0,1,600,548,546
988,0,1,550,482,548
989,0,1,583,522,508
990,0,1,606,476,549
991,0,1,654,603,609
992,0,1,550,510,460
993,0,1,565,504,518
994,0,1,608,551,504
995,0,1,552,493,485
996,0,1,659,619,610
997,0,1,554,553,488
998,0,1,570,560,516
999,0,1,554,488,436
1000,0,1,560,495,530
1001,0,1,555,517,453
1002,0,1,617,587,611
1003,0,1,556,524,490
1004,0,1,624,612,505
1005,0,1,557,499,491
1006,0,1,558,557,492
1007,0,1,558,492,448
1008,0,1,656,569,619
1009,0,1,559,496,455
1010,0,1,559,455,526
1011,0,1,570,516,458
1012,0,1,560,553,554
1013,0,1,561,452,494
1014,0,1,561,434,497
1015,0,1,592,503,562
1016,0,1,573,507,539
1017,0,1,563,518,499
1018,0,1,587,499,557
1019,0,1,564,555,514
1020,0,1,581,514,524
1021,0,1,604,548,600
1022,0,1,608,504,565
1023,0,1,659,571,630
1024,0,1,566,517,555
1025,0,1,627,582,584
1026,0,1,567,531,541
1027,0,1,660,628,639
1028,0,1,589,527,509
1029,0,1,569,525,552
1030,0,1,610,552,515
1031,0,1,570,458,498
1032,0,1,590,570,498
1033,0,1,571,515,529
1034,0,1,630,580,500
1035,0,1,572,537,536
1036,0,1,663,588,521
1037,0,1,628,573,593
1038,0,1,573,562,507
1039,0,1,574,523,465
1040,0,1,592,534,503
1041,0,1,575,540,511
1042,0,1,605,511,522
1043,0,1,603,547,512
1044,0,1,576,546,545
1045,0,1,577,500,517
1046,0,1,629,517,566
1047,0,1,578,532,510
1048,0,1,607,510,550
1049,0,1,591,533,463
1050,0,1,591,579,533
1051,0,1,580,498,500
1052,0,1,630,500,577
1053,0,1,586,524,556
1054,0,1,700,668,670
1055,0,1,582,521,506
1056,0,1,642,583,596
1057,0,1,605,522,583
1058,0,1,596,508,538
1059,0,1,584,506,531
1060,0,1,633,584,567
1061,0,1,711,682,710
1062,0,1,679,633,635
1063,0,1,636,556,612
1064,0,1,653,607,647
1065,0,1,587,563,499
1066,0,1,611,557,558
1067,0,1,588,526,441
1068,0,1,663,521,582
1069,0,1,637,585,621
1070,0,1,589,568,527
1071,0,1,590,528,570
1072,0,1,590,498,580
1073,0,1,638,532,578
1074,0,1,638,591,532
1075,0,1,592,562,573
1076,0,1,628,592,573
1077,0,1,593,573,539
1078,0,1,639,568,625
1079,0,1,594,572,536
1080,0,1,594,502,526
1081,0,1,640,572,623
1082,0,1,664,641,640
1083,0,1,641,595,640
1084,0,1,596,583,508
1085,0,1,597,549,544
1086,0,1,602,544,547
1087,0,1,598,567,541
1088,0,1,643,523,574
1089,0,1,599,585,543
1090,0,1,606,599,542
1091,0,1,604,550,548
1092,0,1,644,576,618
1093,0,1,601,576,545
1094,0,1,634,605,632
1095,0,1,603,602,547
1096,0,1,696,646,654
1097,0,1,609,551,608
1098,0,1,648,604,600
1099,0,1,607,550,604
1100,0,1,644,600,576
1101,0,1,633,627,584
1102,0,1,605,575,511
1103,0,1,649,549,597
1104,0,1,649,606,549
1105,0,1,652,608,565
1106,0,1,607,578,510
1107,0,1,729,708,699
1108,0,1,693,616,661
1109,0,1,646,626,602
1110,0,1,609,603,512
1111,0,1,610,569,552
1112,0,1,610,515,571
1113,0,1,613,611,558
1114,0,1,655,617,611
1115,0,1,612,556,446
1116,0,1,612,446,505
1117,0,1,613,558,525
1118,0,1,672,667,656
1119,0,1,700,669,675
1120,0,1,614,581,524
1121,0,1,615,566,555
1122,0,1,675,669,622
1123,0,1,652,565,616
1124,0,1,616,565,563
1125,0,1,670,655,667
1126,0,1,675,581,614
1127,0,1,685,632,642
1128,0,1,618,576,601
1129,0,1,672,566,615
1130,0,1,619,569,610
1131,0,1,718,690,689
1132,0,1,674,620,638
1133,0,1,621,585,599
1134,0,1,650,599,606
1135,0,1,622,564,514
1136,0,1,675,614,666
1137,0,1,664,663,627
1138,0,1,623,572,594
1139,0,1,624,505,561
1140,0,1,676,579,620
1141,0,1,677,598,643
1142,0,1,637,589,585
1143,0,1,626,597,602
1144,0,1,646,602,603
1145,0,1,635,567,598
1146,0,1,641,596,595
1147,0,1,678,592,628
1148,0,1,639,593,568
1149,0,1,629,577,517
1150,0,1,629,566,619
1151,0,1,659,630,577
1152,0,1,630,571,580
1153,0,1,631,616,563
1154,0,1,631,587,617
1155,0,1,634,575,605
1156,0,1,632,605,583
1157,0,1,635,633,567
1158,0,1,702,683,681
1159,0,1,680,634,671
1160,0,1,645,575,634
1161,0,1,678,660,643
1162,0,1,682,681,637
1163,0,1,636,586,556
1164,0,1,676,636,612
1165,0,1,637,625,589
1166,0,1,682,621,662
1167,0,1,638,620,591
1168,0,1,653,578,607
1169,0,1,639,628,593
1170,0,1,712,702,709
1171,0,1,640,595,572
1172,0,1,663,640,623
1173,0,1,703,684,664
1174,0,1,642,596,641
1175,0,1,684,641,664
1176,0,1,642,632,583
1177,0,1,643,598,523
1178,0,1,678,643,574
1179,0,1,648,600,644
1180,0,1,680,645,634
1181,0,1,704,680,671
1182,0,1,645,618,601
1183,0,1,651,609,608
1184,0,1,694,652,693
1185,0,1,647,607,604
1186,0,1,648,647,604
1187,0,1,689,644,686
1188,0,1,689,648,644
1189,0,1,692,649,597
1190,0,1,692,597,626
1191,0,1,650,621,599
1192,0,1,650,606,649
1193,0,1,654,609,651
1194,0,1,652,651,608
1195,0,1,705,674,695
1196,0,1,693,652,616
1197,0,1,697,657,636
1198,0,1,695,578,653
1199,0,1,688,654,651
1200,0,1,654,646,603
1201,0,1,656,655,613
1202,0,1,667,655,656
1203,0,1,656,613,569
1204,0,1,672,656,619
1205,0,1,666,586,657
1206,0,1,657,586,636
1207,0,1,662,621,650
1208,0,1,685,642,684
1209,0,1,659,610,571
1210,0,1,659,577,629
1211,0,1,683,639,625
1212,0,1,683,625,681
1213,0,1,661,616,631
1214,0,1,668,631,617
1215,0,1,691,650,649
1216,0,1,706,680,704
1217,0,1,663,623,588
1218,0,1,663,582,627
1219,0,1,664,640,663
1220,0,1,703,627,658
1221,0,1,687,618,645
1222,0,1,665,626,646
1223,0,1,666,614,586
1224,0,1,757,729,749
1225,0,1,669,615,564
1226,0,1,669,564,622
1227,0,1,668,661,631
1228,0,1,670,668,617
1229,0,1,669,667,615
1230,0,1,675,622,581
1231,0,1,670,617,655
1232,0,1,670,667,669
1233,0,1,671,634,632
1234,0,1,714,685,713
1235,0,1,672,619,566
1236,0,1,672,615,667
1237,0,1,673,653,647
1238,0,1,690,647,648
1239,0,1,695,638,578
1240,0,1,695,674,638
1241,0,1,708,666,699
1242,0,1,700,698,668
1243,0,1,697,676,620
1244,0,1,676,612,624
1245,0,1,677,635,598
1246,0,1,677,643,660
1247,0,1,678,574,592
1248,0,1,678,628,660
1249,0,1,679,658,633
1250,0,1,709,635,677
1251,0,1,687,686,618
1252,0,1,687,645,680
1253,0,1,681,625,637
1254,0,1,682,637,621
1255,0,1,730,710,728
1256,0,1,710,682,662
1257,0,1,712,660,683
1258,0,1,683,660,639
1259,0,1,713,684,703
1260,0,1,684,642,641
1261,0,1,731,713,707
1262,0,1,685,671,632
1263,0,1,715,689,686
1264,0,1,686,644,618
1265,0,1,720,692,626
1266,0,1,717,687,706
1267,0,1,696,654,688
1268,0,1,694,651,652
1269,0,1,718,689,715
1270,0,1,690,648,689
1271,0,1,748,732,742
1272,0,1,690,673,647
1273,0,1,691,662,650
1274,0,1,692,691,649
1275,0,1,720,626,665
1276,0,1,733,721,720
1277,0,1,722,661,698
1278,0,1,723,693,722
1279,0,1,753,734,722
1280,0,1,694,688,651
1281,0,1,725,653,673
1282,0,1,727,699,657
1283,0,1,696,665,646
1284,0,1,724,688,694
1285,0,1,697,636,676
1286,0,1,697,620,674
1287,0,1,699,666,657
1288,0,1,698,661,668
1289,0,1,749,727,705
1290,0,1,749,729,699
1291,0,1,700,670,669
1292,0,1,737,675,708
1293,0,1,724,694,723
1294,0,1,701,673,690
1295,0,1,711,681,682
1296,0,1,736,709,702
1297,0,1,703,664,627
1298,0,1,713,658,707
1299,0,1,714,671,685
1300,0,1,716,710,662
1301,0,1,725,695,653
1302,0,1,725,705,695
1303,0,1,717,715,686
1304,0,1,706,687,680
1305,0,1,707,658,679
1306,0,1,736,679,709
1307,0,1,737,708,729
1308,0,1,708,675,666
1309,0,1,709,679,635
1310,0,1,712,709,677
1311,0,1,716,662,691
1312,0,1,750,738,731
1313,0,1,736,711,730
1314,0,1,711,702,681
1315,0,1,712,677,660
1316,0,1,712,683,702
1317,0,1,713,685,684
1318,0,1,713,703,658
1319,0,1,755,750,731
1320,0,1,714,704,671
1321,0,1,717,686,687
1322,0,1,756,751,743
1323,0,1,721,691,692
1324,0,1,740,704,738
1325,0,1,741,721,733
1326,0,1,751,742,739
1327,0,1,742,715,739
1328,0,1,718,701,690
1329,0,1,719,665,696
1330,0,1,726,696,688
1331,0,1,721,692,720
1332,0,1,743,665,719
1333,0,1,752,744,740
1334,0,1,721,716,691
1335,0,1,722,693,661
1336,0,1,753,737,729
1337,0,1,745,723,734
1338,0,1,723,694,693
1339,0,1,758,747,701
1340,0,1,726,688,724
1341,0,1,747,673,701
1342,0,1,754,735,747
1343,0,1,746,724,745
1344,0,1,726,719,696
1345,0,1,727,657,697
1346,0,1,727,674,705
1347,0,1,738,714,731
1348,0,1,728,710,716
1349,0,1,753,698,737
1350,0,1,757,749,735
1351,0,1,755,736,730
1352,0,1,730,711,710
1353,0,1,731,714,713
1354,0,1,755,731,707
1355,0,1,732,701,718
1356,0,1,742,718,715
1357,0,1,743,720,665
1358,0,1,744,706,740
1359,0,1,758,746,754
1360,0,1,734,723,722
1361,0,1,735,705,725
1362,0,1,747,725,673
1363,0,1,736,707,679
1364,0,1,736,702,711
1365,0,1,737,698,700
1366,0,1,737,700,675
1367,0,1,760,738,750
1368,0,1,738,704,714
1369,0,1,739,715,717
1370,0,1,744,717,706
1371,0,1,760,741,752
1372,0,1,740,706,704
1373,0,1,741,728,716
1374,0,1,759,733,751
1375,0,1,756,748,742
1376,0,1,742,732,718
1377,0,1,743,733,720
1378,0,1,756,743,719
1379,0,1,759,752,741
1380,0,1,744,739,717
1381,0,1,745,724,723
1382,0,1,757,745,734
1383,0,1,758,748,746
1384,0,1,746,726,724
1385,0,1,747,735,725
1386,0,1,758,754,747
1387,0,1,748,719,726
1388,0,1,748,726,746
1389,0,1,749,699,727
1390,0,1,749,705,735
1391,0,1,750,730,728
1392,0,1,760,728,741
1393,0,1,759,739,744
1394,0,1,751,733,743
1395,0,1,760,752,740
1396,0,1,759,741,733
1397,0,1,753,729,734
1398,0,1,753,722,698
1399,0,1,754,746,745
1400,0,1,757,754,745
1401,0,1,755,707,736
1402,0,1,755,730,750
1403,0,1,756,719,748
1404,0,1,756,742,751
1405,0,1,757,734,729
1406,0,1,757,735,754
1407,0,1,758,701,732
1408,0,1,758,732,748
1409,0,1,759,751,739
1410,0,1,759,744,752
1411,0,1,760,740,738
1412,0,1,760,750,728



eboun
  1 0 1

forc
  2  0 -0.05
  3  0 -0.05

eforc
  1 3.5 0.1

mate
 user,49
 7,1,0,0,0,0
 1

end

tie

inter

stop
