ZONE I = 21,J = 21,F=POINT
0	0	1
0	0.05	0.855
0	0.1	0.72
0	0.15	0.595
0	0.2	0.48
0	0.25	0.375
0	0.3	0.28
0	0.35	0.195
0	0.4	0.12
0	0.45	0.055
0	0.5	0
0	0.55	-0.045
0	0.6	-0.08
0	0.65	-0.105
0	0.7	-0.12
0	0.75	-0.125
0	0.8	-0.12
0	0.85	-0.105
0	0.9	-0.08
0	0.95	-0.045
0	1	-0
0.05	0	0.855
0.05	0.05	0.72
0.05	0.1	0.595
0.05	0.15	0.48
0.05	0.2	0.375
0.05	0.25	0.28
0.05	0.3	0.195
0.05	0.35	0.12
0.05	0.4	0.055
0.05	0.45	-5.55112e-17
0.05	0.5	-0.045
0.05	0.55	-0.08
0.05	0.6	-0.105
0.05	0.65	-0.12
0.05	0.7	-0.125
0.05	0.75	-0.12
0.05	0.8	-0.105
0.05	0.85	-0.08
0.05	0.9	-0.045
0.05	0.95	1.11022e-16
0.05	0.95	1.11022e-16
0.1	0	0.72
0.1	0.05	0.595
0.1	0.1	0.48
0.1	0.15	0.375
0.1	0.2	0.28
0.1	0.25	0.195
0.1	0.3	0.12
0.1	0.35	0.055
0.1	0.4	0
0.1	0.45	-0.045
0.1	0.5	-0.08
0.1	0.55	-0.105
0.1	0.6	-0.12
0.1	0.65	-0.125
0.1	0.7	-0.12
0.1	0.75	-0.105
0.1	0.8	-0.08
0.1	0.85	-0.045
0.1	0.9	-0
0.1	0.9	-0
0.1	0.9	-0
0.15	0	0.595
0.15	0.05	0.48
0.15	0.1	0.375
0.15	0.15	0.28
0.15	0.2	0.195
0.15	0.25	0.12
0.15	0.3	0.055
0.15	0.35	-5.55112e-17
0.15	0.4	-0.045
0.15	0.45	-0.08
0.15	0.5	-0.105
0.15	0.55	-0.12
0.15	0.6	-0.125
0.15	0.65	-0.12
0.15	0.7	-0.105
0.15	0.75	-0.08
0.15	0.8	-0.045
0.15	0.85	1.11022e-16
0.15	0.85	1.11022e-16
0.15	0.85	1.11022e-16
0.15	0.85	1.11022e-16
0.2	0	0.48
0.2	0.05	0.375
0.2	0.1	0.28
0.2	0.15	0.195
0.2	0.2	0.12
0.2	0.25	0.055
0.2	0.3	0
0.2	0.35	-0.045
0.2	0.4	-0.08
0.2	0.45	-0.105
0.2	0.5	-0.12
0.2	0.55	-0.125
0.2	0.6	-0.12
0.2	0.65	-0.105
0.2	0.7	-0.08
0.2	0.75	-0.045
0.2	0.8	-0
0.2	0.8	-0
0.2	0.8	-0
0.2	0.8	-0
0.2	0.8	-0
0.25	0	0.375
0.25	0.05	0.28
0.25	0.1	0.195
0.25	0.15	0.12
0.25	0.2	0.055
0.25	0.25	0
0.25	0.3	-0.045
0.25	0.35	-0.08
0.25	0.4	-0.105
0.25	0.45	-0.12
0.25	0.5	-0.125
0.25	0.55	-0.12
0.25	0.6	-0.105
0.25	0.65	-0.08
0.25	0.7	-0.045
0.25	0.75	-0
0.25	0.75	-0
0.25	0.75	-0
0.25	0.75	-0
0.25	0.75	-0
0.25	0.75	-0
0.3	0	0.28
0.3	0.05	0.195
0.3	0.1	0.12
0.3	0.15	0.055
0.3	0.2	-5.55112e-17
0.3	0.25	-0.045
0.3	0.3	-0.08
0.3	0.35	-0.105
0.3	0.4	-0.12
0.3	0.45	-0.125
0.3	0.5	-0.12
0.3	0.55	-0.105
0.3	0.6	-0.08
0.3	0.65	-0.045
0.3	0.7	1.11022e-16
0.3	0.7	1.11022e-16
0.3	0.7	1.11022e-16
0.3	0.7	1.11022e-16
0.3	0.7	1.11022e-16
0.3	0.7	1.11022e-16
0.3	0.7	1.11022e-16
0.35	0	0.195
0.35	0.05	0.12
0.35	0.1	0.055
0.35	0.15	-1.11022e-16
0.35	0.2	-0.045
0.35	0.25	-0.08
0.35	0.3	-0.105
0.35	0.35	-0.12
0.35	0.4	-0.125
0.35	0.45	-0.12
0.35	0.5	-0.105
0.35	0.55	-0.08
0.35	0.6	-0.045
0.35	0.65	1.11022e-16
0.35	0.65	1.11022e-16
0.35	0.65	1.11022e-16
0.35	0.65	1.11022e-16
0.35	0.65	1.11022e-16
0.35	0.65	1.11022e-16
0.35	0.65	1.11022e-16
0.35	0.65	1.11022e-16
0.4	0	0.12
0.4	0.05	0.055
0.4	0.1	0
0.4	0.15	-0.045
0.4	0.2	-0.08
0.4	0.25	-0.105
0.4	0.3	-0.12
0.4	0.35	-0.125
0.4	0.4	-0.12
0.4	0.45	-0.105
0.4	0.5	-0.08
0.4	0.55	-0.045
0.4	0.6	1.11022e-16
0.4	0.6	1.11022e-16
0.4	0.6	1.11022e-16
0.4	0.6	1.11022e-16
0.4	0.6	1.11022e-16
0.4	0.6	1.11022e-16
0.4	0.6	1.11022e-16
0.4	0.6	1.11022e-16
0.4	0.6	1.11022e-16
0.45	0	0.055
0.45	0.05	0
0.45	0.1	-0.045
0.45	0.15	-0.08
0.45	0.2	-0.105
0.45	0.25	-0.12
0.45	0.3	-0.125
0.45	0.35	-0.12
0.45	0.4	-0.105
0.45	0.45	-0.08
0.45	0.5	-0.045
0.45	0.55	-0
0.45	0.55	-0
0.45	0.55	-0
0.45	0.55	-0
0.45	0.55	-0
0.45	0.55	-0
0.45	0.55	-0
0.45	0.55	-0
0.45	0.55	-0
0.45	0.55	-0
0.5	0	0
0.5	0.05	-0.045
0.5	0.1	-0.08
0.5	0.15	-0.105
0.5	0.2	-0.12
0.5	0.25	-0.125
0.5	0.3	-0.12
0.5	0.35	-0.105
0.5	0.4	-0.08
0.5	0.45	-0.045
0.5	0.5	-0
0.5	0.5	-0
0.5	0.5	-0
0.5	0.5	-0
0.5	0.5	-0
0.5	0.5	-0
0.5	0.5	-0
0.5	0.5	-0
0.5	0.5	-0
0.5	0.5	-0
0.5	0.5	-0
0.55	0	-0.045
0.55	0.05	-0.08
0.55	0.1	-0.105
0.55	0.15	-0.12
0.55	0.2	-0.125
0.55	0.25	-0.12
0.55	0.3	-0.105
0.55	0.35	-0.08
0.55	0.4	-0.045
0.55	0.45	5.55112e-17
0.55	0.45	5.55112e-17
0.55	0.45	5.55112e-17
0.55	0.45	5.55112e-17
0.55	0.45	5.55112e-17
0.55	0.45	5.55112e-17
0.55	0.45	5.55112e-17
0.55	0.45	5.55112e-17
0.55	0.45	5.55112e-17
0.55	0.45	5.55112e-17
0.55	0.45	5.55112e-17
0.55	0.45	5.55112e-17
0.6	0	-0.08
0.6	0.05	-0.105
0.6	0.1	-0.12
0.6	0.15	-0.125
0.6	0.2	-0.12
0.6	0.25	-0.105
0.6	0.3	-0.08
0.6	0.35	-0.045
0.6	0.4	1.11022e-16
0.6	0.4	1.11022e-16
0.6	0.4	1.11022e-16
0.6	0.4	1.11022e-16
0.6	0.4	1.11022e-16
0.6	0.4	1.11022e-16
0.6	0.4	1.11022e-16
0.6	0.4	1.11022e-16
0.6	0.4	1.11022e-16
0.6	0.4	1.11022e-16
0.6	0.4	1.11022e-16
0.6	0.4	1.11022e-16
0.6	0.4	1.11022e-16
0.65	0	-0.105
0.65	0.05	-0.12
0.65	0.1	-0.125
0.65	0.15	-0.12
0.65	0.2	-0.105
0.65	0.25	-0.08
0.65	0.3	-0.045
0.65	0.35	5.55112e-17
0.65	0.35	5.55112e-17
0.65	0.35	5.55112e-17
0.65	0.35	5.55112e-17
0.65	0.35	5.55112e-17
0.65	0.35	5.55112e-17
0.65	0.35	5.55112e-17
0.65	0.35	5.55112e-17
0.65	0.35	5.55112e-17
0.65	0.35	5.55112e-17
0.65	0.35	5.55112e-17
0.65	0.35	5.55112e-17
0.65	0.35	5.55112e-17
0.65	0.35	5.55112e-17
0.7	0	-0.12
0.7	0.05	-0.125
0.7	0.1	-0.12
0.7	0.15	-0.105
0.7	0.2	-0.08
0.7	0.25	-0.045
0.7	0.3	1.11022e-16
0.7	0.3	1.11022e-16
0.7	0.3	1.11022e-16
0.7	0.3	1.11022e-16
0.7	0.3	1.11022e-16
0.7	0.3	1.11022e-16
0.7	0.3	1.11022e-16
0.7	0.3	1.11022e-16
0.7	0.3	1.11022e-16
0.7	0.3	1.11022e-16
0.7	0.3	1.11022e-16
0.7	0.3	1.11022e-16
0.7	0.3	1.11022e-16
0.7	0.3	1.11022e-16
0.7	0.3	1.11022e-16
0.75	0	-0.125
0.75	0.05	-0.12
0.75	0.1	-0.105
0.75	0.15	-0.08
0.75	0.2	-0.045
0.75	0.25	-0
0.75	0.25	-0
0.75	0.25	-0
0.75	0.25	-0
0.75	0.25	-0
0.75	0.25	-0
0.75	0.25	-0
0.75	0.25	-0
0.75	0.25	-0
0.75	0.25	-0
0.75	0.25	-0
0.75	0.25	-0
0.75	0.25	-0
0.75	0.25	-0
0.75	0.25	-0
0.75	0.25	-0
0.8	0	-0.12
0.8	0.05	-0.105
0.8	0.1	-0.08
0.8	0.15	-0.045
0.8	0.2	5.55112e-17
0.8	0.2	5.55112e-17
0.8	0.2	5.55112e-17
0.8	0.2	5.55112e-17
0.8	0.2	5.55112e-17
0.8	0.2	5.55112e-17
0.8	0.2	5.55112e-17
0.8	0.2	5.55112e-17
0.8	0.2	5.55112e-17
0.8	0.2	5.55112e-17
0.8	0.2	5.55112e-17
0.8	0.2	5.55112e-17
0.8	0.2	5.55112e-17
0.8	0.2	5.55112e-17
0.8	0.2	5.55112e-17
0.8	0.2	5.55112e-17
0.8	0.2	5.55112e-17
0.85	0	-0.105
0.85	0.05	-0.08
0.85	0.1	-0.045
0.85	0.15	1.11022e-16
0.85	0.15	1.11022e-16
0.85	0.15	1.11022e-16
0.85	0.15	1.11022e-16
0.85	0.15	1.11022e-16
0.85	0.15	1.11022e-16
0.85	0.15	1.11022e-16
0.85	0.15	1.11022e-16
0.85	0.15	1.11022e-16
0.85	0.15	1.11022e-16
0.85	0.15	1.11022e-16
0.85	0.15	1.11022e-16
0.85	0.15	1.11022e-16
0.85	0.15	1.11022e-16
0.85	0.15	1.11022e-16
0.85	0.15	1.11022e-16
0.85	0.15	1.11022e-16
0.85	0.15	1.11022e-16
0.9	0	-0.08
0.9	0.05	-0.045
0.9	0.1	2.77556e-17
0.9	0.1	2.77556e-17
0.9	0.1	2.77556e-17
0.9	0.1	2.77556e-17
0.9	0.1	2.77556e-17
0.9	0.1	2.77556e-17
0.9	0.1	2.77556e-17
0.9	0.1	2.77556e-17
0.9	0.1	2.77556e-17
0.9	0.1	2.77556e-17
0.9	0.1	2.77556e-17
0.9	0.1	2.77556e-17
0.9	0.1	2.77556e-17
0.9	0.1	2.77556e-17
0.9	0.1	2.77556e-17
0.9	0.1	2.77556e-17
0.9	0.1	2.77556e-17
0.9	0.1	2.77556e-17
0.9	0.1	2.77556e-17
0.95	0	-0.045
0.95	0.05	6.93889e-17
0.95	0.05	6.93889e-17
0.95	0.05	6.93889e-17
0.95	0.05	6.93889e-17
0.95	0.05	6.93889e-17
0.95	0.05	6.93889e-17
0.95	0.05	6.93889e-17
0.95	0.05	6.93889e-17
0.95	0.05	6.93889e-17
0.95	0.05	6.93889e-17
0.95	0.05	6.93889e-17
0.95	0.05	6.93889e-17
0.95	0.05	6.93889e-17
0.95	0.05	6.93889e-17
0.95	0.05	6.93889e-17
0.95	0.05	6.93889e-17
0.95	0.05	6.93889e-17
0.95	0.05	6.93889e-17
0.95	0.05	6.93889e-17
0.95	0.05	6.93889e-17
1	0	-0
1	0	-0
1	0	-0
1	0	-0
1	0	-0
1	0	-0
1	0	-0
1	0	-0
1	0	-0
1	0	-0
1	0	-0
1	0	-0
1	0	-0
1	0	-0
1	0	-0
1	0	-0
1	0	-0
1	0	-0
1	0	-0
1	0	-0
1	0	-0
